8.356365301668926548e+00
8.421856526239135832e+00
8.505362044421049816e+00
8.492937955425766461e+00
8.506600004596256426e+00
8.618775841540553984e+00
8.690259297980038156e+00
8.777561107613038871e+00
8.905487761501904131e+00
8.965163445257884334e+00
8.970406700287821167e+00
9.086526545929370258e+00
9.149647043022376636e+00
9.143041683649061113e+00
9.094666239432418919e+00
9.335129831964424696e+00
9.392972864230300090e+00
9.489135974996610656e+00
9.568326581779899698e+00
9.567955281945609514e+00
9.578729991764959095e+00
9.600277112935920343e+00
9.751264393958216203e+00
9.651298067611712383e+00
9.575767849828213940e+00
9.499182674754395705e+00
9.403485047519088980e+00
9.258186151290503929e+00
9.096820567554116721e+00
9.003673353371301147e+00
8.904771446457214523e+00
8.727298767855760531e+00
8.639385295597957537e+00
8.477556483350801031e+00
8.160394142857468225e+00
7.887961208274089309e+00
7.764430701253780320e+00
7.675683003411823968e+00
7.614786335685471030e+00
7.503767805234098809e+00
7.386157344146247361e+00
7.189105188125264334e+00
6.941864968238250277e+00
6.855432162470715518e+00
6.668734707826827979e+00
6.553400246523954920e+00
6.400637950627382722e+00
6.264858248040763300e+00
6.137850839007862547e+00
6.041399531712650983e+00
5.875887780228779889e+00
5.775142007142602729e+00
5.677367988880746452e+00
5.608153393189151181e+00
5.487330010915953515e+00
5.416478260802007227e+00
5.320367522124625381e+00
5.293367844753924523e+00
5.189523398898917783e+00
5.128630358021305291e+00
5.030471884143794092e+00
5.006211961705608893e+00
4.859965193070758360e+00
4.808353360066734083e+00
4.810130750948581557e+00
4.708961708226791387e+00
4.720738347332781970e+00
4.713901920630791054e+00
4.670816470269241627e+00
4.708010332817947230e+00
4.702736628661167373e+00
4.699178434356999112e+00
4.643416190344266781e+00
4.535510523245724457e+00
4.455281948243160706e+00
4.446560891024094353e+00
4.426907918532175579e+00
4.369475482212543227e+00
4.257092457410557529e+00
4.188573934448220015e+00
4.127706949762540489e+00
4.099720723149467005e+00
4.104978305413565565e+00
4.133077191671257644e+00
4.130394858335661112e+00
4.346859511683472732e+00
4.308212578038040697e+00
4.259435860700817145e+00
4.231577669264867225e+00
4.129897951370785414e+00
4.068874345191224151e+00
4.028655747522499553e+00
3.980592938898381394e+00
3.971374149829726363e+00
3.966765517744169856e+00
3.872031189106665217e+00
3.851415780224731744e+00
3.891118700681702958e+00
3.876659511681040726e+00
3.918176371282610315e+00
3.899843633812456023e+00
3.919569533904191161e+00
4.050561376465635632e+00
4.111391508455595201e+00
4.114225222053866204e+00
3.968468554607238019e+00
3.884491781753655726e+00
3.930425729690798509e+00
3.968509369756601401e+00
4.003598850405737153e+00
4.048995169229824498e+00
4.001691089502887877e+00
4.049828198526529199e+00
4.062422682142589281e+00
4.104722215471161562e+00
4.176264611625806644e+00
4.215016729319456701e+00
4.228470134816752157e+00
4.235665852418120991e+00
4.278530653344891910e+00
4.302649023044243570e+00
4.246330368094034746e+00
4.121269875615354294e+00
4.109592926248748945e+00
4.081131162502012799e+00
4.054488987542828937e+00
4.060896032932644673e+00
4.001962138023754889e+00
3.945974342980298921e+00
3.947028121425071756e+00
3.926846131228275638e+00
3.960427560230276978e+00
3.995380356244959241e+00
3.876663885573893520e+00
3.818768523952286387e+00
3.788749957298719551e+00
3.836335283064431945e+00
3.786349734148268364e+00
3.789500249093608719e+00
3.736353887666338469e+00
3.746169785507784677e+00
3.752065345238515981e+00
3.780486873789616009e+00
3.763652524429677904e+00
3.794562770151054920e+00
3.834372886246013579e+00
3.809923515551906892e+00
3.890098056590158393e+00
3.937137126191695202e+00
3.951674989881521327e+00
3.947101748539469934e+00
3.908401253038600309e+00
3.888062722791064463e+00
3.976924053081318355e+00
4.004750847536353575e+00
3.944280866207503955e+00
3.870244337136438784e+00
3.890681142244928559e+00
3.924093221438035517e+00
3.949269220255436252e+00
3.905586746032603251e+00
4.001388050983477385e+00
4.160025548359088887e+00
4.157039283969277577e+00
4.155697779570880712e+00
4.153948796771150143e+00
4.219600649527492919e+00
4.223682152457459260e+00
4.265113291756254199e+00
4.263445036964682799e+00
4.257014720288469611e+00
4.291703508507225706e+00
4.285352269227791666e+00
4.255635902376024404e+00
4.213949114039006183e+00
4.267463023816469914e+00
4.271872225389653721e+00
4.261210184715647387e+00
4.254620370106517946e+00
4.255477197268390022e+00
4.266885939478552103e+00
4.186924567977633238e+00
4.069449161546158322e+00
4.085026752477430634e+00
4.115518569038689733e+00
4.079520840425082895e+00
4.056443572295819422e+00
4.033877507597784629e+00
4.009699510675516443e+00
4.006045214355557604e+00
4.029034513145204777e+00
4.075847059917869331e+00
4.082647916576773284e+00
4.108043858096656287e+00
4.126113092379362079e+00
4.120168212548533049e+00
4.151288253966977315e+00
4.136762561822072470e+00
4.101311124598787217e+00
4.086744818172828531e+00
4.032779385251493487e+00
3.980981980548208288e+00
3.999034076779739877e+00
3.991403281562243777e+00
3.989708859588194212e+00
3.947909078502579661e+00
3.928686555942545677e+00
3.974814397069915906e+00
3.950505184664631741e+00
3.969336217181471671e+00
