1.96788	0.00599151
1.97004	0.00984342
1.97221	0.0172778
1.97438	0.0296824
1.97655	0.0479192
1.97872	0.0706938
1.98089	0.0967883
1.98306	0.123034
1.98523	0.148265
1.9874	0.169798
1.98957	0.186508
1.99174	0.198495
1.9939	0.206909
1.99607	0.211327
1.99824	0.214768
2.00041	0.217332
2.00258	0.218704
2.00475	0.220309
2.00692	0.222381
2.00909	0.22411
2.01126	0.226538
2.01343	0.227962
2.0156	0.229285
2.01777	0.230273
2.01993	0.230596
2.0221	0.229849
2.02427	0.230291
2.02644	0.228857
2.02861	0.228151
2.03078	0.226481
2.03295	0.224267
2.03512	0.222046
2.03729	0.220467
2.03946	0.218478
2.04163	0.217383
2.0438	0.215892
2.04596	0.215659
2.04813	0.213374
2.0503	0.210869
2.05247	0.20847
2.05464	0.207004
2.05681	0.204586
2.05898	0.204676
2.06115	0.205734
2.06332	0.207506
2.06549	0.208933
2.06766	0.209088
2.06982	0.210162
2.07199	0.210747
2.07416	0.210738
2.07633	0.211244
2.0785	0.213527
2.08067	0.215532
2.08284	0.216876
2.08501	0.219212
2.08718	0.221267
2.08935	0.222712
2.09152	0.223398
2.09368	0.224069
2.09585	0.223673
2.09802	0.223376
2.10019	0.223334
2.10236	0.222999
2.10453	0.222694
2.1067	0.222447
2.10887	0.221752
2.11104	0.220692
2.11321	0.21886
2.11538	0.217579
2.11754	0.216051
2.11971	0.214952
2.12188	0.212435
2.12405	0.212032
2.12622	0.209886
2.12839	0.207954
2.13056	0.206241
2.13273	0.205208
2.1349	0.202517
2.13707	0.200157
2.13924	0.198887
2.1414	0.197227
2.14357	0.19613
2.14574	0.19636
2.14791	0.197946
2.15008	0.198308
2.15225	0.198752
2.15442	0.199159
2.15659	0.198537
2.15876	0.197954
2.16093	0.198265
2.16309	0.197738
2.16527	0.198025
2.16743	0.198238
2.1696	0.196862
2.17177	0.194549
2.17394	0.192617
2.17611	0.189625
2.17828	0.186329
2.18045	0.183533
2.18262	0.18011
2.18479	0.176002
2.18696	0.171231
2.18913	0.165544
2.19129	0.159429
2.19346	0.152594
2.19563	0.145293
2.1978	0.137294
2.19997	0.130088
2.20214	0.12254
2.20431	0.115385
2.20648	0.109384
2.20865	0.104568
2.21082	0.100649
2.21299	0.0984423
2.21515	0.0970764
2.21732	0.0965076
2.21949	0.0964765
2.22166	0.0968078
2.22383	0.0977216
2.226	0.09934
2.22817	0.101152
2.23034	0.103216
2.23251	0.104717
2.23468	0.106026
2.23685	0.107562
2.23901	0.109562
2.24118	0.110461
2.24335	0.111038
2.24552	0.111553
2.24769	0.111424
2.24986	0.110692
2.25203	0.11049
2.2542	0.110843
2.25637	0.110372
2.25854	0.110465
2.2607	0.110182
2.26287	0.109973
2.26504	0.109296
2.26721	0.109283
2.26938	0.108866
2.27155	0.108684
2.27372	0.108361
2.27589	0.10845
2.27806	0.108591
2.28023	0.108761
2.2824	0.109013
2.28456	0.109823
2.28673	0.110466
2.2889	0.111355
2.29107	0.112371
2.29324	0.113383
2.29541	0.114204
2.29758	0.115609
2.29975	0.116986
2.30192	0.118236
2.30409	0.119525
2.30626	0.121052
2.30843	0.122482
2.3106	0.123653
2.31276	0.124911
2.31493	0.126054
2.3171	0.127003
2.31927	0.127618
2.32144	0.127766
2.32361	0.127887
2.32578	0.127917
2.32795	0.127646
2.33012	0.127168
2.33229	0.126892
2.33446	0.126213
2.33662	0.125472
2.33879	0.124523
2.34096	0.123488
2.34313	0.122301
2.3453	0.121254
2.34747	0.119771
2.34964	0.11841
2.35181	0.11683
2.35398	0.115326
2.35615	0.113713
2.35831	0.112367
2.36048	0.110927
2.36265	0.110076
2.36482	0.109061
2.36699	0.10875
2.36916	0.108096
2.37133	0.107821
2.3735	0.106795
2.37567	0.105958
2.37784	0.104713
2.38001	0.104022
2.38217	0.103089
2.38434	0.102651
2.38651	0.102216
2.38868	0.101624
2.39085	0.100807
2.39302	0.100248
2.39519	0.0994396
2.39736	0.0988564
2.39953	0.0983017
2.4017	0.09774
2.40387	0.0966469
2.40603	0.095571
2.4082	0.0941374
2.41037	0.0924885
2.41254	0.0906712
2.41471	0.0888748
2.41688	0.0870237
2.41905	0.0851844
2.42122	0.0834781
2.42339	0.0818888
2.42556	0.0803583
2.42773	0.0789592
2.42989	0.0774361
2.43207	0.0761148
2.43423	0.0749322
2.4364	0.0737856
2.43857	0.0727003
2.44074	0.0716673
2.44291	0.0704228
2.44508	0.0691248
2.44725	0.067995
2.44942	0.066885
2.45159	0.0658322
2.45376	0.0648774
2.45592	0.0637357
2.45809	0.0629011
2.46026	0.0621779
2.46243	0.0615507
2.4646	0.0609392
2.46677	0.0606526
2.46894	0.0599622
2.47111	0.0591029
2.47328	0.0584127
2.47545	0.0575747
2.47762	0.056725
2.47978	0.0559355
2.48195	0.0551031
2.48412	0.0541955
2.48629	0.0530795
2.48846	0.0520503
2.49063	0.0509909
2.4928	0.0499743
2.49497	0.0487733
2.49714	0.047809
2.440897	0.091665
2.443096	0.089363
2.445295	0.087769
2.447495	0.085998
2.449694	0.083893
2.451894	0.081801
2.454093	0.081001
2.456293	0.07892
2.458492	0.077221
2.460691	0.075615
2.462891	0.074374
2.46509	0.073158
2.46729	0.071524
2.469489	0.069929
2.471688	0.06737
2.473888	0.067327
2.476087	0.065665
2.478287	0.064581
2.480486	0.062906
2.482685	0.061388
2.484885	0.059905
2.487084	0.058659
2.489284	0.057433
2.491483	0.055716
2.493683	0.05427
2.495882	0.052761
2.498081	0.051712
2.500281	0.050332
