1.990000100704492070e+00 4.401913944462876316e-03
1.992200850509107113e+00 4.401913944462876316e-03
1.994401827687397599e+00 4.401913944462876316e-03
1.996602804865688086e+00 4.401913944462876316e-03
1.998803782043978572e+00 4.401913944462876316e-03
2.001004759222269058e+00 4.401913944462876316e-03
2.003205736400559545e+00 4.401913944462876316e-03
2.005406713578850031e+00 4.401913944462876316e-03
2.007607690757140517e+00 4.401913944462876316e-03
2.009808667935431004e+00 4.401913944462876316e-03
2.012009645113721490e+00 4.401913944462876316e-03
2.014210622292011976e+00 4.401913944462876316e-03
2.016411372096627019e+00 4.401913944462876316e-03
2.018612349274917506e+00 4.401913944462876316e-03
2.020813326453207992e+00 4.401913944462876316e-03
2.023014303631498478e+00 4.401913944462876316e-03
2.025215280809788965e+00 4.401913944462876316e-03
2.027416257988079451e+00 4.401913944462876316e-03
2.029617235166369937e+00 4.401913944462876316e-03
2.031818212344660424e+00 4.401913944462876316e-03
2.034019189522950910e+00 4.401913944462876316e-03
2.036220166701241396e+00 4.401913944462876316e-03
2.038421143879531883e+00 4.401913944462876316e-03
2.040622121057822369e+00 4.401913944462876316e-03
2.042822870862437412e+00 4.401913944462876316e-03
2.045023848040727898e+00 4.401913944462876316e-03
2.047224825219018385e+00 4.401913944462876316e-03
2.049425802397308871e+00 4.401913944462876316e-03
2.051626779575599357e+00 4.401913944462876316e-03
2.053827756753889844e+00 4.401913944462876316e-03
2.056028733932180330e+00 4.401913944462876316e-03
2.058229711110470816e+00 4.401913944462876316e-03
2.060430688288761303e+00 4.401913944462876316e-03
2.062631665467051789e+00 4.401913944462876316e-03
2.064832642645342276e+00 4.401913944462876316e-03
2.067033392449957319e+00 4.401913944462876316e-03
2.069234369628247805e+00 4.401913944462876316e-03
2.071435346806538291e+00 4.401913944462876316e-03
2.073636323984828778e+00 4.401913944462876316e-03
2.075837301163119264e+00 4.401913944462876316e-03
2.078038278341409750e+00 4.401913944462876316e-03
2.080239255519700237e+00 4.401913944462876316e-03
2.082440232697990723e+00 4.401913944462876316e-03
2.084641209876281209e+00 4.401913944462876316e-03
2.086842187054571696e+00 4.401913944462876316e-03
2.089043164232862182e+00 4.401913944462876316e-03
2.091243914037477225e+00 4.401913944462876316e-03
2.093444891215767711e+00 4.401913944462876316e-03
2.095645868394058198e+00 4.401913944462876316e-03
2.097846845572348684e+00 4.401913944462876316e-03
2.100047822750639170e+00 4.401913944462876316e-03
2.102248799928929657e+00 4.401913944462876316e-03
2.104449777107220143e+00 4.401913944462876316e-03
2.106650754285510629e+00 4.401913944462876316e-03
2.108851731463801116e+00 4.401913944462876316e-03
2.111052708642091602e+00 4.401913944462876316e-03
2.113253685820382088e+00 4.401913944462876316e-03
2.115454435624997132e+00 4.401913944462876316e-03
2.117655412803287618e+00 4.401913944462876316e-03
2.119856389981578104e+00 4.401913944462876316e-03
2.122057367159868591e+00 4.401913944462876316e-03
2.124258344338159077e+00 4.401913944462876316e-03
2.126459321516449563e+00 4.401913944462876316e-03
2.128660298694740050e+00 4.401913944462876316e-03
2.130861275873030536e+00 4.401913944462876316e-03
2.133062253051321022e+00 4.401913944462876316e-03
2.135263230229611509e+00 4.401913944462876316e-03
2.137464207407901995e+00 4.401913944462876316e-03
2.139665184586192481e+00 4.401913944462876316e-03
2.141865934390807524e+00 4.401913944462876316e-03
2.144066911569098011e+00 4.401913944462876316e-03
2.146267888747388497e+00 4.401913944462876316e-03
2.148468865925678983e+00 4.401913944462876316e-03
2.150669843103969470e+00 4.401913944462876316e-03
2.152870820282259956e+00 4.401913944462876316e-03
2.155071797460550442e+00 4.401913944462876316e-03
2.157272774638840929e+00 4.401913944462876316e-03
2.159473751817131415e+00 4.401913944462876316e-03
2.161674728995421901e+00 4.401913944462876316e-03
2.163875706173712388e+00 4.401913944462876316e-03
2.166076455978327431e+00 4.401913944462876316e-03
2.168277433156617917e+00 4.401913944462876316e-03
2.170478410334908403e+00 4.401913944462876316e-03
2.172679387513198890e+00 4.401913944462876316e-03
2.174880364691489376e+00 4.401913944462876316e-03
2.177081341869779862e+00 4.401913944462876316e-03
2.179282319048070349e+00 4.401913944462876316e-03
2.181483296226360835e+00 4.401913944462876316e-03
2.183684273404651321e+00 4.401913944462876316e-03
2.185885250582941808e+00 4.401913944462876316e-03
2.188086227761232294e+00 4.401913944462876316e-03
2.190286977565847337e+00 4.401913944462876316e-03
2.192487954744137824e+00 4.401913944462876316e-03
2.194688931922428310e+00 4.401913944462876316e-03
2.196889909100718796e+00 4.401913944462876316e-03
2.199090886279009283e+00 4.401913944462876316e-03
2.201291863457299769e+00 4.401913944462876316e-03
2.203492840635590255e+00 4.401913944462876316e-03
2.205693817813880742e+00 4.401913944462876316e-03
2.207894794992171228e+00 4.401913944462876316e-03
2.210095772170461714e+00 4.401913944462876316e-03
2.212296749348752201e+00 4.401913944462876316e-03
2.214497499153367244e+00 4.401913944462876316e-03
2.216698476331657730e+00 4.401913944462876316e-03
2.218899453509948216e+00 4.401913944462876316e-03
2.221100430688238703e+00 4.401913944462876316e-03
2.223301407866529189e+00 4.401913944462876316e-03
2.225502385044819675e+00 4.401913944462876316e-03
2.227703362223110162e+00 4.401913944462876316e-03
2.229904339401400648e+00 4.401913944462876316e-03
2.232105316579691134e+00 4.401913944462876316e-03
2.234306293757981621e+00 4.401913944462876316e-03
2.236507270936272107e+00 4.401913944462876316e-03
2.238708020740887150e+00 4.401913944462876316e-03
2.240908997919177637e+00 4.401913944462876316e-03
2.243109975097468123e+00 4.401913944462876316e-03
2.245310952275758609e+00 4.401913944462876316e-03
2.247511929454049096e+00 4.401913944462876316e-03
2.249712906632339582e+00 4.401913944462876316e-03
2.251913883810630068e+00 4.401913944462876316e-03
2.254114860988920555e+00 4.401913944462876316e-03
2.256315838167211041e+00 4.401913944462876316e-03
2.258516815345501527e+00 4.401913944462876316e-03
2.260717792523792014e+00 4.401913944462876316e-03
2.262918769702082500e+00 4.401913944462876316e-03
2.265119519506697543e+00 4.401913944462876316e-03
2.267320496684988029e+00 4.401913944462876316e-03
2.269521473863278516e+00 4.401913944462876316e-03
2.271722451041569002e+00 4.401913944462876316e-03
2.273923428219859488e+00 4.401913944462876316e-03
2.276124405398149975e+00 4.401913944462876316e-03
2.278325382576440461e+00 4.401913944462876316e-03
2.280526359754730947e+00 4.401913944462876316e-03
2.282727336933021434e+00 4.401913944462876316e-03
2.284928314111311920e+00 4.401913944462876316e-03
2.287129291289602406e+00 4.401913944462876316e-03
2.289330041094217449e+00 4.401913944462876316e-03
2.291531018272507936e+00 4.401913944462876316e-03
2.293731995450798422e+00 4.401913944462876316e-03
2.295932972629088908e+00 4.401913944462876316e-03
2.298133949807379395e+00 4.401913944462876316e-03
2.300334926985669881e+00 4.401913944462876316e-03
2.302535904163960367e+00 4.401913944462876316e-03
2.304736881342250854e+00 4.401913944462876316e-03
2.306937858520541340e+00 4.401913944462876316e-03
2.309138835698831826e+00 4.401913944462876316e-03
2.311339812877122313e+00 4.401913944462876316e-03
2.313540562681737356e+00 4.401913944462876316e-03
2.315741539860027842e+00 4.401913944462876316e-03
2.317942517038318329e+00 4.401913944462876316e-03
2.320143494216608815e+00 4.401913944462876316e-03
2.322344471394899301e+00 4.401913944462876316e-03
2.324545448573189788e+00 4.401913944462876316e-03
2.326746425751480274e+00 4.401913944462876316e-03
2.328947402929770760e+00 4.401913944462876316e-03
2.331148380108061247e+00 4.401913944462876316e-03
2.333349357286351733e+00 4.401913944462876316e-03
2.335550334464642219e+00 4.401913944462876316e-03
2.337751084269257262e+00 4.401913944462876316e-03
2.339952061447547749e+00 4.401913944462876316e-03
2.342153038625838235e+00 4.401913944462876316e-03
2.344354015804128721e+00 4.401913944462876316e-03
2.346554992982419208e+00 4.401913944462876316e-03
2.348755970160709694e+00 4.401913944462876316e-03
2.350956947339000180e+00 4.401913944462876316e-03
2.353157924517290667e+00 4.401913944462876316e-03
2.355358901695581153e+00 4.401913944462876316e-03
2.357559878873871639e+00 4.401913944462876316e-03
2.359760856052162126e+00 4.401913944462876316e-03
2.361961833230452612e+00 4.401913944462876316e-03
2.364162583035067655e+00 4.401913944462876316e-03
2.366363560213358141e+00 4.401913944462876316e-03
2.368564537391648628e+00 4.401913944462876316e-03
2.370765514569939114e+00 4.401913944462876316e-03
2.372966491748229600e+00 4.401913944462876316e-03
2.375167468926520087e+00 4.401913944462876316e-03
2.377368446104810573e+00 4.401913944462876316e-03
2.379569423283101059e+00 4.401913944462876316e-03
2.381770400461391546e+00 4.401913944462876316e-03
2.383971377639682032e+00 4.401913944462876316e-03
2.386172354817972519e+00 4.401913944462876316e-03
2.388373104622587562e+00 4.401913944462876316e-03
2.390574081800878048e+00 4.401913944462876316e-03
2.392775058979168534e+00 4.401913944462876316e-03
2.394976036157459021e+00 4.401913944462876316e-03
2.397177013335749507e+00 4.401913944462876316e-03
2.399377990514039993e+00 4.401913944462876316e-03
2.401578967692330480e+00 4.401913944462876316e-03
2.403779944870620966e+00 4.401913944462876316e-03
2.405980922048911452e+00 4.401913944462876316e-03
2.408181899227201939e+00 4.401913944462876316e-03
2.410382876405492425e+00 4.401913944462876316e-03
2.412583626210107468e+00 4.401913944462876316e-03
2.414784603388397954e+00 4.401913944462876316e-03
2.416985580566688441e+00 4.401913944462876316e-03
2.419186557744978927e+00 4.401913944462876316e-03
2.421387534923269413e+00 4.401913944462876316e-03
2.423588512101559900e+00 4.401913944462876316e-03
2.425789489279850386e+00 4.401913944462876316e-03
2.427990466458140872e+00 4.401913944462876316e-03
2.430191443636431359e+00 4.401913944462876316e-03
2.432392420814721845e+00 4.401913944462876316e-03
2.434593397993012331e+00 4.401913944462876316e-03
2.436794147797627375e+00 4.401913944462876316e-03
2.438995124975917861e+00 4.401913944462876316e-03
2.441196102154208347e+00 4.401913944462876316e-03
2.443397079332498834e+00 4.401913944462876316e-03
2.445598056510789320e+00 4.401913944462876316e-03
2.447799033689079806e+00 4.401913944462876316e-03
2.450000010867370293e+00 4.401913944462876316e-03
