1.89999998	0.0015701727
1.90020001	0.0035617275
1.90039992	0.0089673316
1.90059996	0.0208693072
1.90079999	0.0422529839
1.90100002	0.0737019181
1.90119994	0.111964256
1.90139997	0.15095672
1.9016	0.183248192
1.90179992	0.200943232
1.90199995	0.197275743
1.90219998	0.170730606
1.90240002	0.128464565
1.90259993	0.0840896294
1.90279996	0.0507336855
1.903	0.0362476073
1.90320003	0.042539455
1.90339994	0.0669743344
1.90359998	0.102735445
1.90380001	0.138089716
1.90399992	0.159258947
1.90419996	0.15691404
1.90439999	0.131857812
1.90460002	0.0945543051
1.90479994	0.0581173226
1.90499997	0.0309099313
1.9052	0.0145241078
1.90539992	0.0064195371
1.90559995	0.003300746
1.90579998	0.0027994327
1.90600002	0.003467062
1.90619993	0.0045804293
1.90639997	0.0064573675
1.9066	0.0114719756
1.90680003	0.0245287996
1.90699995	0.0523016304
1.90719998	0.0997975171
1.90740001	0.165540367
1.90759993	0.239498094
1.90779996	0.305967927
1.90799999	0.349633902
1.90820003	0.361440122
1.90839994	0.342282295
1.90859997	0.30537796
1.90880001	0.273477316
1.90899992	0.266445398
1.90919995	0.286421716
1.90939999	0.315414995
1.90960002	0.330009162
1.90979993	0.317932904
1.90999997	0.281618327
1.9102	0.231679767
1.91040003	0.180682302
1.91059995	0.13909325
1.91079998	0.11066819
1.91100001	0.0910588577
1.91119993	0.0736183599
1.91139996	0.0573349334
1.91159999	0.0475173779
1.91180003	0.0494823121
1.91199994	0.0623766929
1.91219997	0.0789092183
1.91240001	0.0903582945
1.91259992	0.0915827304
1.91279995	0.0824478343
1.91299999	0.0659645945
1.91320002	0.0466028526
1.91339993	0.0290024634
1.91359997	0.0167060513
1.9138	0.0113374088
1.91400003	0.0129634421
1.91419995	0.0219869055
1.91439998	0.0403867923
1.91460001	0.0715142936
1.91479993	0.117269196
1.91499996	0.173318386
1.9152	0.226288021
1.91540003	0.257451683
1.91559994	0.252856582
1.91579998	0.212985292
1.91600001	0.154433504
1.91619992	0.100508064
1.91639996	0.0695793927
1.91659999	0.0703643784
1.91680002	0.104909375
1.91699994	0.172703788
1.91719997	0.269375771
1.9174	0.382236332
1.91760004	0.490461797
1.91779995	0.573410392
1.91799998	0.620268822
1.91820002	0.63110292
1.91839993	0.610746264
1.91859996	0.562651038
1.9188	0.488988727
1.91900003	0.394522935
1.91919994	0.290194958
1.91939998	0.191019833
1.91960001	0.110753275
1.91979992	0.0559818782
1.91999996	0.0247506276
1.92019999	0.0101987962
1.92040002	0.005545266
1.92059994	0.0073191528
1.92079997	0.015911689
1.921	0.0349136926
1.92119992	0.0695372075
1.92139995	0.124666899
1.92159998	0.20163773
1.92180002	0.294349223
1.92199993	0.388960183
1.92219996	0.469593316
1.9224	0.525693595
1.92260003	0.555664301
1.92279994	0.56256938
1.92299998	0.546592951
1.92320001	0.502409339
1.92339993	0.426023304
1.92359996	0.325080514
1.92379999	0.221447483
1.92400002	0.141894698
1.92419994	0.106746159
1.92439997	0.124472491
1.92460001	0.192270622
1.92479992	0.297682673
1.92499995	0.418367803
1.92519999	0.525315106
1.92540002	0.592569113
1.92559993	0.608713388
1.92579997	0.581366599
1.926	0.529058635
1.92620003	0.465922713
1.92639995	0.394028813
1.92659998	0.311640471
1.92680001	0.226834431
1.92699993	0.159100085
1.92719996	0.126844049
1.92739999	0.134709835
1.92760003	0.169764638
1.92779994	0.207215786
1.92799997	0.223699301
1.92820001	0.212087438
1.92839992	0.188335061
1.92859995	0.18151173
1.92879999	0.213302463
1.92900002	0.282292634
1.92919993	0.364406347
1.92939997	0.426849723
1.9296	0.444661945
1.92980003	0.4120332
1.92999995	0.343961
1.93019998	0.267109483
1.93040001	0.204143941
1.93059993	0.162990555
1.93079996	0.14096047
1.93099999	0.135262027
1.93120003	0.146716833
1.93139994	0.176068619
1.93159997	0.22260645
1.93180001	0.284884691
1.93199992	0.35708648
1.93219995	0.424147218
1.93239999	0.466994137
1.93260002	0.479486942
1.93279994	0.475870669
1.93299997	0.474318653
1.9332	0.474208236
1.93340003	0.456422538
1.93359995	0.407982826
1.93379998	0.342376113
1.93400002	0.294364572
1.93419993	0.295103312
1.93439996	0.353363901
1.9346	0.452782393
1.93480003	0.561374605
1.93499994	0.64537102
1.93519998	0.682497501
1.93540001	0.669736445
1.93559992	0.620202541
1.93579996	0.550850332
1.93599999	0.474025458
1.93620002	0.400497884
1.93639994	0.34615007
1.93659997	0.328240186
1.9368	0.350256771
1.93700004	0.394048631
1.93719995	0.430351138
1.93739998	0.437207371
1.93760002	0.411590546
1.93779993	0.370109737
1.93799996	0.33819744
1.9382	0.331068635
1.93840003	0.339617252
1.93859994	0.337791711
1.93879998	0.3071675
1.93900001	0.253515661
1.93919992	0.200931713
1.93939996	0.174109489
1.93959999	0.187821373
1.93980002	0.244198248
1.93999994	0.329491317
1.94019997	0.414237797
1.9404	0.465286076
1.94060004	0.465994269
1.94079995	0.426187932
1.94099998	0.372478515
1.94120002	0.332124889
1.94139993	0.324565053
1.94159997	0.3609097
1.9418	0.440800875
1.94200003	0.548131824
1.94219995	0.654141486
1.94239998	0.731560051
1.94260001	0.766608238
1.94279993	0.760563612
1.94299996	0.721570015
1.94319999	0.658221841
1.94340003	0.582503736
1.94359994	0.512288213
1.94379997	0.460977286
1.94400001	0.42644763
1.94419992	0.395163625
1.94439995	0.360159069
1.94459999	0.331724107
1.94480002	0.328862786
1.94499993	0.361932725
1.94519997	0.42244795
1.9454	0.488216549
1.94560003	0.538408041
1.94579995	0.566747248
1.94599998	0.581850529
1.94620001	0.59552753
1.94639993	0.608771443
1.94659996	0.609530389
1.94679999	0.58687377
1.94700003	0.546586156
1.94719994	0.508722425
1.94739997	0.489167899
1.94760001	0.485095024
1.94779992	0.481478959
1.94799995	0.469986916
1.94819999	0.45809871
1.94840002	0.458602101
1.94859993	0.473037541
1.94879997	0.489711672
1.949	0.496990144
1.94920003	0.496765167
1.94939995	0.499784172
1.94959998	0.51276809
1.94980001	0.531533062
1.94999993	0.546982765
1.95019996	0.553370178
1.95039999	0.551407099
1.95060003	0.548465908
1.95079994	0.55489862
1.95099998	0.576471329
1.95120001	0.607619464
1.95139992	0.633822381
1.95159996	0.641443014
1.95179999	0.626397967
1.95200002	0.595634639
1.95219994	0.560132205
1.95239997	0.527274072
1.9526	0.496580958
1.95280004	0.462842405
1.95299995	0.425506443
1.95319998	0.393654525
1.95340002	0.379157484
1.95359993	0.381600142
1.95379996	0.387185395
1.954	0.383172542
1.95420003	0.372331768
1.95439994	0.367282182
1.95459998	0.373269618
1.95480001	0.381173164
1.95499992	0.377812058
1.95519996	0.360608727
1.95539999	0.339119822
1.95560002	0.323921412
1.95579994	0.317098677
1.95599997	0.313462466
1.9562	0.309068918
1.95640004	0.306220174
1.95659995	0.309493333
1.95679998	0.319522768
1.95700002	0.332258224
1.95719993	0.342270046
1.95739996	0.344911844
1.9576	0.339310408
1.95780003	0.330497354
1.95799994	0.326761305
1.95819998	0.332223624
1.95840001	0.341454208
1.95859993	0.344452173
1.95879996	0.337972552
1.95899999	0.331344068
1.95920002	0.341604173
1.95939994	0.380840927
1.95959997	0.446054459
1.9598	0.520893931
1.96000004	0.584938586
1.96019995	0.622742474
1.96039999	0.6284042
1.96060002	0.608142197
1.96079993	0.580789924
1.96099997	0.567734778
1.9612	0.578097045
1.96140003	0.602630854
1.96159995	0.623059332
1.96179998	0.62616998
1.96200001	0.610545993
1.96219993	0.581952572
1.96239996	0.546090126
1.96259999	0.507668793
1.96280003	0.471989691
1.96299994	0.443717569
1.96319997	0.425480157
1.96340001	0.418816626
1.96359992	0.423759341
1.96379995	0.436648577
1.96399999	0.451631457
1.96420002	0.465623379
1.96439993	0.480502188
1.96459997	0.49966833
1.9648	0.522075832
1.96500003	0.541158974
1.96519995	0.551491559
1.96539998	0.55437845
1.96560001	0.555044711
1.96579993	0.558854818
1.96599996	0.569610953
1.96619999	0.586967885
1.96640003	0.606463611
1.96659994	0.623466969
1.96679997	0.636008322
1.96700001	0.642798245
1.96719992	0.642753541
1.96739995	0.636721015
1.96759999	0.627123773
1.96780002	0.618658543
1.96799994	0.618110538
1.96819997	0.629302323
1.9684	0.648681104
1.96860003	0.668941736
1.96879995	0.685220897
1.96899998	0.696222067
1.96920002	0.703818619
1.96939993	0.71245873
1.96959996	0.724761963
1.9698	0.738186836
1.97000003	0.748503268
1.97019994	0.753453255
1.97039998	0.750763237
1.97060001	0.737236142
1.97079992	0.713093877
1.97099996	0.683442175
1.97119999	0.654398143
1.97140002	0.631462634
1.97159994	0.620138466
1.97179997	0.624310017
1.972	0.643806517
1.97220004	0.676259339
1.97239995	0.717293859
1.97259998	0.759017348
1.97280002	0.791717291
1.97299993	0.810280204
1.97319996	0.814631164
1.9734	0.804546237
1.97360003	0.779530466
1.97379994	0.745228052
1.97399998	0.716570973
1.97420001	0.710274041
1.97439992	0.733157635
1.97459996	0.776618958
1.97479999	0.82222724
1.97500002	0.853289127
1.97519994	0.863700509
1.97539997	0.858132422
1.9756	0.846847355
1.97580004	0.84038198
1.97599995	0.846089959
1.97619998	0.864876747
1.97640002	0.89011699
1.97659993	0.911963463
1.97679996	0.924199462
1.977	0.926575303
1.97720003	0.922468722
1.97739995	0.916446626
1.97759998	0.912945092
1.97780001	0.914447606
1.97799993	0.919780076
1.97819996	0.925385535
1.97839999	0.928726017
1.97860003	0.929138243
1.97879994	0.923947871
1.97899997	0.905706167
1.97920001	0.86572355
1.97940004	0.803062677
1.97959995	0.731155813
1.97979999	0.672672987
1.98000002	0.645789504
1.98019993	0.654694557
1.98039997	0.692955852
1.9806	0.750840247
1.98080003	0.816996455
1.98099995	0.878258109
1.98119998	0.924169421
1.98140001	0.951832414
1.98159993	0.965267003
1.98179996	0.970288873
1.98199999	0.969999909
1.98220003	0.964022636
1.98239994	0.951282978
1.98259997	0.933844447
1.98280001	0.918369234
1.98299992	0.912958384
1.98319995	0.921214461
1.98339999	0.939177275
1.98360002	0.958432138
1.98379993	0.972143948
1.98399997	0.978136361
1.9842	0.9772017
1.98440003	0.970158637
1.98459995	0.956874967
1.98479998	0.938575983
1.98500001	0.920800269
1.98519993	0.912123084
1.98539996	0.917525351
1.98559999	0.933320165
1.98580003	0.948872805
1.98599994	0.952509582
1.98619998	0.935626209
1.98640001	0.89503634
1.98659992	0.837405741
1.98679996	0.78218472
1.98699999	0.754687726
1.98720002	0.768853784
1.98739994	0.816148877
1.98759997	0.873131633
1.9878	0.919454873
1.98800004	0.948429227
1.98819995	0.963844955
1.98839998	0.971704423
1.98860002	0.975386977
1.98879993	0.975366831
1.98899996	0.970049143
1.9892	0.956228554
1.98940003	0.930306733
1.98959994	0.891601205
1.98979998	0.846144974
1.99000001	0.806714237
1.99019992	0.786576986
1.99039996	0.791744351
1.99059999	0.818694293
1.99080002	0.858112633
1.99099994	0.899629712
1.99119997	0.934646308
1.9914	0.958185971
1.99160004	0.97022444
1.99179995	0.974549949
1.99199998	0.975759625
1.99220002	0.97678858
1.99239993	0.978456974
1.99259996	0.980153561
1.9928	0.980989814
1.99300003	0.979808629
1.99319994	0.974833488
1.99339998	0.963481009
1.99360001	0.943663895
1.99379992	0.917174578
1.99399996	0.891750932
1.99419999	0.877662003
1.99440002	0.879857719
1.99459994	0.89345789
1.99479997	0.907485425
1.995	0.912295699
1.99520004	0.904685259
1.99539995	0.888754666
1.99559999	0.872488618
1.99580002	0.861361384
1.99599993	0.853474557
1.99619997	0.841926396
1.9964	0.822324336
1.99660003	0.797743857
1.99679995	0.775650978
1.99699998	0.760020971
1.99720001	0.747154951
1.99739993	0.728713989
1.99759996	0.698831201
1.99779999	0.659437001
1.99800003	0.619766057
1.99819994	0.590072215
1.99839997	0.574046195
1.99860001	0.566668391
1.99880004	0.559513628
1.99899995	0.547461629
1.99919999	0.530439079
1.99940002	0.511175632
1.99959993	0.49222672
1.99979997	0.474725276
2	0.458099276
2.00020003	0.440733731
2.00040007	0.421187043
2.0006001	0.399215668
2.00079989	0.376246393
2.00099993	0.354623049
2.00119996	0.336953521
2.00139999	0.324009031
2.00160003	0.31400457
2.00180006	0.303416014
2.00200009	0.289623171
2.00219989	0.272633553
2.00239992	0.254946828
2.00259995	0.240344107
2.00279999	0.232259274
2.00300002	0.231436819
2.00320005	0.235530764
2.00340009	0.240498349
2.00359988	0.243465126
2.00379992	0.243844792
2.00399995	0.242236167
2.00419998	0.239448085
2.00440001	0.235819817
2.00460005	0.231407285
2.00480008	0.22622472
2.00499988	0.220634475
2.00519991	0.215569481
2.00539994	0.212597489
2.00559998	0.213694185
2.00580001	0.22062993
2.00600004	0.23434107
2.00620008	0.254116684
2.00639987	0.27726391
2.0065999	0.300559133
2.00679994	0.321709156
2.00699997	0.34005931
2.0072	0.356296301
2.00740004	0.371626407
2.00760007	0.387419105
2.00779986	0.405488461
2.0079999	0.428265482
2.00819993	0.457372606
2.00839996	0.49221164
2.0086	0.529470265
2.00880003	0.562247038
2.00900006	0.580216289
2.0092001	0.575289965
2.00939989	0.54896152
2.00959992	0.510866702
2.00979996	0.470899373
2.00999999	0.434997648
2.01020002	0.406265616
2.01040006	0.385367692
2.01060009	0.370783031
2.01079988	0.360932976
2.01099992	0.354770809
2.01119995	0.350854069
2.01139998	0.347899497
2.01160002	0.345628977
2.01180005	0.343670368
2.01200008	0.341610372
2.01219988	0.340239048
2.01239991	0.340461761
2.01259995	0.341891795
2.01279998	0.34403345
2.01300001	0.346774429
2.01320004	0.348943412
2.01340008	0.34973827
2.01359987	0.350901693
2.01379991	0.354409546
2.01399994	0.360118628
2.01419997	0.367645681
2.01440001	0.37695682
2.01460004	0.385690093
2.01480007	0.390914798
2.01499987	0.393707395
2.0151999	0.397350758
2.01539993	0.401993126
2.01559997	0.406112969
2.0158	0.410110921
2.01600003	0.413920194
2.01620007	0.414541781
2.0164001	0.410739392
2.01659989	0.406544298
2.01679993	0.40661642
2.01699996	0.411963195
2.01719999	0.421963006
2.01740003	0.435399711
2.01760006	0.448306292
2.01780009	0.456374794
2.01799989	0.461242288
2.01819992	0.468333334
2.01839995	0.478633523
2.01859999	0.488574296
2.01880002	0.497920901
2.01900005	0.510244191
2.01920009	0.525472701
2.01939988	0.539256871
2.01959991	0.550511122
2.01979995	0.562348783
2.01999998	0.575009763
2.02020001	0.584374905
2.02040005	0.589106262
2.02060008	0.592922926
2.02079988	0.598389924
2.02099991	0.60456574
2.02119994	0.612449527
2.02139997	0.625941694
2.02160001	0.644410789
2.02180004	0.661149621
2.02200007	0.67270112
2.02219987	0.683646142
2.0223999	0.697658062
2.02259994	0.710410893
2.02279997	0.716491997
2.023	0.718575776
2.02320004	0.723299682
2.02340007	0.731872857
2.02359986	0.740716398
2.0237999	0.749254286
2.02399993	0.760209203
2.02419996	0.772912264
2.0244	0.782725871
2.02460003	0.788179457
2.02480006	0.793817759
2.0250001	0.803474367
2.02519989	0.814997911
2.02539992	0.82422787
2.02559996	0.831386566
2.02579999	0.839932621
2.02600002	0.850396216
2.02620006	0.859409392
2.02640009	0.864968002
2.02659988	0.869466007
2.02679992	0.87568444
2.02699995	0.882101715
2.02719998	0.884613693
2.02740002	0.881973028
2.02760005	0.876890659
2.02780008	0.872135937
2.02799988	0.868139148
2.02819991	0.865129292
2.02839994	0.865474522
2.02859998	0.871895373
2.02880001	0.884020269
2.02900004	0.898047864
2.02920008	0.910329461
2.02939987	0.920122266
2.02959991	0.928164482
2.02979994	0.933780909
2.02999997	0.935489953
2.0302	0.933883369
2.03040004	0.932048976
2.03060007	0.932580411
2.03079987	0.935336411
2.0309999	0.938737035
2.03119993	0.941962421
2.03139997	0.945144355
2.0316	0.948097765
2.03180003	0.949936628
2.03200006	0.950084448
2.0322001	0.948837519
2.03239989	0.946481466
2.03259993	0.94245559
2.03279996	0.936249375
2.03299999	0.929300725
2.03320003	0.925053537
2.03340006	0.926237941
2.03360009	0.932278037
2.03379989	0.939876735
2.03399992	0.945985913
2.03419995	0.949634671
2.03439999	0.951506138
2.03460002	0.952503741
2.03480005	0.953071177
2.03500009	0.953363061
2.03519988	0.953497529
2.03539991	0.953581333
2.03559995	0.953622639
2.03579998	0.95358479
2.03600001	0.953485787
2.03620005	0.953391969
2.03640008	0.953335762
2.03659987	0.953303039
2.03679991	0.953252435
2.03699994	0.953143477
2.03719997	0.952872813
2.03740001	0.952262759
2.03760004	0.951076508
2.03780007	0.94912076
2.03799987	0.946591556
2.0381999	0.944185972
2.03839993	0.942758739
2.03859997	0.942573845
2.0388	0.942894042
2.03900003	0.942410529
2.03920007	0.9397856
2.0394001	0.933982491
2.0395999	0.924791992
2.03979993	0.913532317
2.03999996	0.903356314
2.0402	0.897789061
2.04040003	0.898387194
2.04060006	0.903712749
2.04080009	0.910527527
2.04099989	0.91607362
2.04119992	0.919350445
2.04139996	0.92079556
2.04159999	0.921379924
2.04180002	0.921799183
2.04200006	0.922293425
2.04220009	0.922779143
2.04239988	0.922978699
2.04259992	0.922680616
2.04279995	0.921974957
2.04299998	0.921159446
2.04320002	0.920449615
2.04340005	0.919768453
2.04360008	0.918908
2.04379988	0.918073237
2.04399991	0.918046474
2.04419994	0.919669747
2.04439998	0.923147976
2.04460001	0.927853703
2.04480004	0.932772458
2.04500008	0.937084019
2.04519987	0.940422416
2.0453999	0.942671657
2.04559994	0.943654001
2.04579997	0.943090737
2.046	0.940743864
2.04620004	0.936417401
2.04640007	0.930215836
2.04659986	0.922661662
2.0467999	0.914317191
2.04699993	0.905485034
2.04719996	0.896092117
2.0474	0.886051655
2.04760003	0.875359714
2.04780006	0.864145577
2.0480001	0.852896214
2.04819989	0.842080176
2.04839993	0.831762493
2.04859996	0.821758151
2.04879999	0.81184411
2.04900002	0.801736057
2.04920006	0.791120052
2.04940009	0.780055165
2.04959989	0.768910706
2.04979992	0.757684469
2.04999995	0.746629596
2.05019999	0.736839294
2.05040002	0.729442835
2.05060005	0.724311411
2.05080009	0.719782233
2.05099988	0.713919699
2.05119991	0.705679595
2.05139995	0.695528865
2.05159998	0.68523562
2.05180001	0.676335514
2.05200005	0.668906033
2.05220008	0.662513077
2.05239987	0.657499611
2.05259991	0.654444933
2.05279994	0.652645409
2.05299997	0.650102258
2.05320001	0.645212352
2.05340004	0.637718678
2.05360007	0.628582478
2.05379987	0.619597733
2.0539999	0.612395108
2.05419993	0.607548416
2.05439997	0.604644537
2.0546	0.603290617
2.05480003	0.603684485
2.05500007	0.605882108
2.0552001	0.608821511
2.05539989	0.61088419
2.05559993	0.611008644
2.05579996	0.608823538
2.05599999	0.60470134
2.05620003	0.600209475
2.05640006	0.59762001
2.05660009	0.598616183
2.05679989	0.603496313
2.05699992	0.611279249
2.05719995	0.620642364
2.05739999	0.631106138
2.05760002	0.642719746
2.05780005	0.655126512
2.05800009	0.667865813
2.05819988	0.680675864
2.05839992	0.693327487
2.05859995	0.706345916
2.05879998	0.72136271
2.05900002	0.739577413
2.05920005	0.760933459
2.05940008	0.784954488
2.05959988	0.810506225
2.05979991	0.835159361
2.05999994	0.855728388
2.06019998	0.868719161
2.06040001	0.870203555
2.06060004	0.858427823
2.06080008	0.836998045
2.06099987	0.813081503
2.0611999	0.791733146
2.06139994	0.774020433
2.06159997	0.759338558
2.0618	0.746548235
2.06200004	0.73387152
2.06220007	0.720698118
2.0624001	0.708411574
2.0625999	0.698228478
2.06279993	0.690257788
2.06299996	0.684886515
2.0632	0.682016432
2.06340003	0.679980516
2.06360006	0.677774787
2.0638001	0.676146209
2.06399989	0.675124943
2.06419992	0.673849106
2.06439996	0.672968626
2.06459999	0.673498869
2.06480002	0.674557209
2.06500006	0.675292671
2.06520009	0.676393807
2.06539989	0.677482247
2.06559992	0.677115083
2.06579995	0.676288486
2.06599998	0.677660286
2.06620002	0.68161267
2.06640005	0.686940074
2.06660008	0.693514287
2.06679988	0.700634241
2.06699991	0.706293344
2.06719995	0.710341454
2.06739998	0.714803457
2.06760001	0.719696283
2.06780005	0.723330617
2.06800008	0.726321459
2.06819987	0.730379701
2.06839991	0.734658062
2.06859994	0.737723053
2.06879997	0.740880668
2.06900001	0.745181382
2.06920004	0.748848319
2.06940007	0.750929236
2.06959987	0.753625274
2.0697999	0.758074462
2.06999993	0.762409389
2.07019997	0.76578021
2.0704	0.769729257
2.07060003	0.774462759
2.07080007	0.778519213
2.0710001	0.782420278
2.07119989	0.787884653
2.07139993	0.793941021
2.07159996	0.798422456
2.07179999	0.80245471
2.07200003	0.808772266
2.07220006	0.816734433
2.07240009	0.823211312
2.07259989	0.82721144
2.07279992	0.829734266
2.07299995	0.830762208
2.07319999	0.830359042
2.07340002	0.830859184
2.07360005	0.834323704
2.07380009	0.839315951
2.07399988	0.843250394
2.07419991	0.846351862
2.07439995	0.85022682
2.07459998	0.854341209
2.07480001	0.857172549
2.07500005	0.859594464
2.07520008	0.863696694
2.07539988	0.86920625
2.07559991	0.874204993
2.07579994	0.878397703
2.07599998	0.883008242
2.07620001	0.887972057
2.07640004	0.891935289
2.07660007	0.894647658
2.07679987	0.897039235
2.0769999	0.898924351
2.07719994	0.898868263
2.07739997	0.8970595
2.0776	0.896469057
2.07780004	0.900070012
2.07800007	0.907922029
2.0782001	0.917920828
2.0783999	0.928245306
2.07859993	0.93798095
2.07879996	0.946303308
2.079	0.952672064
2.07920003	0.957327366
2.07940006	0.960718811
2.0796001	0.962778032
2.07979989	0.963416994
2.07999992	0.963431001
2.08019996	0.963881731
2.08039999	0.964791715
2.08060002	0.96507585
2.08080006	0.963886559
2.08100009	0.961411238
2.08119988	0.958349228
2.08139992	0.955135882
2.08159995	0.951982379
2.08179998	0.949170172
2.08200002	0.946942687
2.08220005	0.945138931
2.08240008	0.943354487
2.08259988	0.94149816
2.08279991	0.939944744
2.08299994	0.939095378
2.08319998	0.938930869
2.08340001	0.939038515
2.08360004	0.938898742
2.08380008	0.938094616
2.08399987	0.936196923
2.08419991	0.932762444
2.08439994	0.92791611
2.08459997	0.923209369
2.0848	0.921167076
2.08500004	0.923237681
2.08520007	0.928455234
2.08539987	0.934454501
2.0855999	0.939369619
2.08579993	0.942584991
2.08599997	0.944534063
2.0862	0.946220636
2.08640003	0.948341548
2.08660007	0.950749516
2.0868001	0.952962458
2.08699989	0.954846442
2.08719993	0.956406832
2.08739996	0.957440317
2.08759999	0.957932591
2.08780003	0.958251774
2.08800006	0.958554566
2.08820009	0.958622873
2.08839989	0.958551645
2.08859992	0.958837986
2.08879995	0.959549129
2.08899999	0.960163236
2.08920002	0.960264802
2.08940005	0.959801078
2.08960009	0.958751678
2.08979988	0.957416892
2.08999991	0.956867456
2.09019995	0.958118975
2.09039998	0.960868776
2.09060001	0.963842511
2.09080005	0.966214061
2.09100008	0.967983186
2.09119987	0.9692384
2.09139991	0.969963491
2.09159994	0.970394135
2.09179997	0.970855772
2.09200001	0.9712286
2.09220004	0.971240878
2.09240007	0.97115624
2.09259987	0.971463919
2.0927999	0.971978545
2.09299994	0.971662641
2.09319997	0.969521523
2.0934	0.965521932
2.09360003	0.960991561
2.09380007	0.958259642
2.0940001	0.959283233
2.0941999	0.964045405
2.09439993	0.970459342
2.09459996	0.976057649
2.0948	0.979724288
2.09500003	0.981808424
2.09520006	0.983059883
2.09540009	0.983923495
2.09559989	0.984561682
2.09579992	0.985123873
2.09599996	0.98569423
2.09619999	0.986164153
2.09640002	0.986331165
2.09660006	0.986162663
2.09680009	0.985821903
2.09699988	0.985549152
2.09719992	0.985463381
2.09739995	0.985493064
2.09759998	0.985169172
2.09780002	0.98354125
2.09800005	0.979428411
2.09820008	0.972328126
2.09839988	0.963588893
2.09859991	0.956524491
2.09879994	0.954662323
2.09899998	0.959040582
2.09920001	0.967264235
2.09940004	0.975356877
2.09960008	0.980443358
2.09979987	0.981916666
2.0999999	0.98095125
2.10019994	0.979405284
2.10039997	0.978780508
2.1006	0.979253769
2.10080004	0.97938329
2.10100007	0.976992011
2.1012001	0.970928073
2.1013999	0.962638617
2.10159993	0.956027746
2.10179996	0.955078423
2.102	0.960656404
2.10220003	0.969911158
2.10240006	0.978834331
2.1026001	0.98505193
2.10279989	0.988406897
2.10299993	0.989878714
2.10319996	0.990452707
2.10339999	0.990687013
2.10360003	0.990809023
2.10380006	0.990876853
2.10400009	0.990852952
2.10419989	0.990616918
2.10439992	0.990063608
2.10459995	0.989251018
2.10479999	0.988423645
2.10500002	0.987916768
2.10520005	0.987948298
2.10540009	0.988462746
2.10559988	0.989159822
2.10579991	0.989678264
2.10599995	0.989752173
2.10619998	0.989351749
2.10640001	0.988691807
2.10660005	0.988127649
2.10680008	0.98787123
2.10699987	0.98784852
2.10719991	0.987832367
2.10739994	0.987675488
2.10759997	0.987376332
2.10780001	0.98698777
2.10800004	0.986572027
2.10820007	0.986196399
2.10839987	0.985902607
2.1085999	0.985625148
2.10879993	0.985225856
2.10899997	0.984500527
2.1092	0.983203411
2.10940003	0.981308758
2.10960007	0.979335129
2.1098001	0.978201687
2.1099999	0.978524566
2.11019993	0.980132401
2.11039996	0.982226849
2.11059999	0.983919442
2.11080003	0.984602034
2.11100006	0.983923316
2.11120009	0.981727839
2.11139989	0.978276491
2.11159992	0.974667847
2.11179996	0.972580433
2.11199999	0.973066449
2.11220002	0.975707948
2.11240005	0.979230344
2.11260009	0.982690871
2.11279988	0.985761762
2.11299992	0.988340855
2.11319995	0.99031359
2.11339998	0.991693199
2.11360002	0.992579341
2.11380005	0.993059218
2.11400008	0.993241191
2.11419988	0.993206322
2.11439991	0.992953897
2.11459994	0.992450953
2.11479998	0.991779029
2.11500001	0.991085887
2.11520004	0.990445554
2.11540008	0.98985225
2.11559987	0.989291251
2.1157999	0.988779247
2.11599994	0.988424778
2.11619997	0.988426745
2.1164	0.988915503
2.11660004	0.989749491
2.11680007	0.990557909
2.1170001	0.991047621
2.1171999	0.991101086
2.11739993	0.990548491
2.11759996	0.98883605
2.1178	0.98508507
2.11800003	0.978727758
2.11820006	0.970652759
2.1184001	0.963752031
2.11859989	0.961466074
2.11879992	0.964956105
2.11899996	0.971895635
2.11919999	0.978366733
2.11940002	0.98185277
2.11960006	0.982400179
2.11980009	0.981615961
2.11999989	0.981150985
2.12019992	0.9818753
2.12039995	0.983804762
2.12059999	0.986355364
2.12080002	0.988742828
2.12100005	0.990444124
2.12120008	0.991468549
2.12139988	0.992154956
2.12159991	0.992815256
2.12179995	0.993510246
2.12199998	0.994148195
2.12220001	0.994636476
2.12240005	0.994959116
2.12260008	0.99517101
2.12279987	0.995313108
2.12299991	0.995390832
2.12319994	0.995294034
2.12339997	0.994750977
2.12360001	0.993267953
2.12380004	0.990260065
2.12400007	0.985598922
2.12420011	0.980265617
2.1243999	0.976312578
2.12459993	0.975653589
2.12479997	0.978634655
2.125	0.983789444
2.12520003	0.988999248
2.12540007	0.992866218
2.1256001	0.995123148
2.12579989	0.996200025
2.12599993	0.996630669
2.12619996	0.996743917
2.12639999	0.996587694
2.12660003	0.995896161
2.12680006	0.993988395
2.12700009	0.989857078
2.12719989	0.982892573
2.12739992	0.974124253
2.12759995	0.966788828
2.12779999	0.964628696
2.12800002	0.968910873
2.12820005	0.977307558
2.12840009	0.985912442
2.12859988	0.992105126
2.12879992	0.995523393
2.12899995	0.99705267
2.12919998	0.997661114
2.12940001	0.997919798
2.12960005	0.998058617
2.12980008	0.99813658
2.12999988	0.998163879
2.13019991	0.998160183
2.13039994	0.998148203
2.13059998	0.998173416
2.13080001	0.998256862
2.13100004	0.99837625
2.13120008	0.998490751
2.13139987	0.998566091
2.1315999	0.998592436
2.13179994	0.99858731
2.13199997	0.998569608
2.1322	0.99855119
2.13240004	0.998538375
2.13260007	0.998543441
2.1328001	0.998573303
2.1329999	0.998634875
2.13319993	0.998706222
2.13339996	0.998773575
2.1336	0.998838902
2.13380003	0.998897374
2.13400006	0.998958051
2.1342001	0.999010623
2.13439989	0.999026179
2.13459992	0.998954713
2.13479996	0.998676002
2.13499999	0.997962475
2.13520002	0.99654299
2.13540006	0.994390249
2.13560009	0.992009819
2.13579988	0.99040854
2.13599992	0.990418792
2.13619995	0.992035687
2.13639998	0.994415104
2.13660002	0.996573091
2.13680005	0.998001993
2.13700008	0.998719513
2.13719988	0.998998046
2.13739991	0.999072611
2.13759995	0.999074638
2.13779998	0.999026954
2.13800001	0.998920739
2.13820004	0.998767257
2.13840008	0.998591006
2.13859987	0.998436451
2.13879991	0.998307228
2.13899994	0.998196781
2.13919997	0.998114288
2.13940001	0.998084724
2.13960004	0.998133898
2.13980007	0.998274624
2.1400001	0.998482704
2.1401999	0.998702049
2.14039993	0.998877883
2.14059997	0.998986125
2.1408	0.999035537
2.14100003	0.999051869
2.14120007	0.999058366
2.1414001	0.999049246
2.14159989	0.999015391
2.14179993	0.99894166
2.14199996	0.998784244
2.14219999	0.998474658
2.14240003	0.997965574
2.14260006	0.997327328
2.14280009	0.996775448
2.14299989	0.996541977
2.14319992	0.996706426
2.14339995	0.997152805
2.14359999	0.997665524
2.14380002	0.998052359
2.14400005	0.998210073
2.14420009	0.998142838
2.14439988	0.997974396
2.14459991	0.997878134
2.14479995	0.997948706
2.14499998	0.998117864
2.14520001	0.998229265
2.14540005	0.998185635
2.14560008	0.998012304
2.14579988	0.99783051
2.14599991	0.997739732
2.14619994	0.997736335
2.14639997	0.997721016
2.14660001	0.997564316
2.14680004	0.997203529
2.14700007	0.99665904
2.14719987	0.996032298
2.1473999	0.995410442
2.14759994	0.994812787
2.14779997	0.994233131
2.148	0.993725002
2.14820004	0.99336189
2.14840007	0.993086815
2.1486001	0.992733121
2.1487999	0.992209792
2.14899993	0.991554379
2.14919996	0.990835249
2.1494	0.990086317
2.14960003	0.989430368
2.14980006	0.989141464
2.1500001	0.989385545
2.15019989	0.989892602
2.15039992	0.989859283
2.15059996	0.988255501
2.15079999	0.984371662
2.15100002	0.978503585
2.15120006	0.972256005
2.15140009	0.967928708
2.15159988	0.967041314
2.15179992	0.969321191
2.15199995	0.973062515
2.15219998	0.976372361
2.15240002	0.978242159
2.15260005	0.978768408
2.15280008	0.978792131
2.15299988	0.979206979
2.15319991	0.980403483
2.15339994	0.982134461
2.15359998	0.983816504
2.15380001	0.984950483
2.15400004	0.985421717
2.15420008	0.985516667
2.15439987	0.985629916
2.15459991	0.985897899
2.15479994	0.986211181
2.15499997	0.986536145
2.1552	0.987091303
2.15540004	0.988181174
2.15560007	0.989838421
2.1558001	0.991701126
2.1559999	0.993242681
2.15619993	0.994194508
2.15639997	0.994690061
2.1566	0.995029032
2.15680003	0.995362043
2.15700006	0.995628417
2.1572001	0.995704293
2.15739989	0.995549083
2.15759993	0.995218575
2.15779996	0.994790733
2.15799999	0.994270384
2.15820003	0.993422329
2.15840006	0.991770625
2.15860009	0.989010096
2.15879989	0.985634208
2.15899992	0.982982993
2.15919995	0.982254744
2.15939999	0.983399928
2.15960002	0.985241711
2.15980005	0.986698985
2.16000009	0.987440586
2.16019988	0.98736161
2.16039991	0.986032844
2.16059995	0.983181
2.16079998	0.979596257
2.16100001	0.977060318
2.16120005	0.977152288
2.16140008	0.980034053
2.16159987	0.984358966
2.16179991	0.988229632
2.16199994	0.990296364
2.16219997	0.99020952
2.16240001	0.988098741
2.16260004	0.983578622
2.16280007	0.975561023
2.16300011	0.963777423
2.1631999	0.951003194
2.16339993	0.942882776
2.16359997	0.944191515
2.1638	0.954603493
2.16400003	0.968959808
2.16420007	0.981492937
2.1644001	0.989460051
2.1645999	0.993264496
2.16479993	0.994580984
2.16499996	0.994797528
2.1652	0.994607091
2.16540003	0.994220734
2.16560006	0.993652105
2.16580009	0.992770195
2.16599989	0.991280258
2.16619992	0.988825619
2.16639996	0.985408783
2.16659999	0.981774688
2.16680002	0.97927016
2.16700006	0.979078114
2.16720009	0.98126471
2.16739988	0.984592617
2.16759992	0.98721379
2.16779995	0.987483144
2.16799998	0.984432638
2.16820002	0.978264093
2.16840005	0.971025944
2.16860008	0.966308653
2.16879988	0.967016637
2.16899991	0.972990274
2.16919994	0.981179178
2.16939998	0.988188207
2.16960001	0.992402494
2.16980004	0.99404794
2.17000008	0.994181633
2.17019987	0.993933082
2.1703999	0.994097352
2.17059994	0.994899988
2.17079997	0.996038973
2.171	0.997055411
2.17120004	0.997662365
2.17140007	0.997717977
2.1716001	0.996949732
2.1717999	0.994776547
2.17199993	0.990532815
2.17219996	0.984316826
2.1724	0.977700055
2.17260003	0.973365068
2.17280006	0.973284364
2.1730001	0.977146029
2.17319989	0.982570648
2.17339993	0.986896992
2.17359996	0.98863399
2.17379999	0.987660885
2.17400002	0.984695733
2.17420006	0.980991304
2.17440009	0.978276968
2.17459989	0.978061855
2.17479992	0.980541408
2.17499995	0.984393954
2.17519999	0.987757325
2.17540002	0.989293218
2.17560005	0.988436341
2.17580009	0.985445499
2.17599988	0.981679797
2.17619991	0.979353726
2.17639995	0.980227649
2.17659998	0.984180927
2.17680001	0.989352107
2.17700005	0.993695736
2.17720008	0.996106923
2.17739987	0.996324778
2.17759991	0.994188547
2.17779994	0.989450574
2.17799997	0.982491136
2.17820001	0.975087166
2.17840004	0.969884872
2.17860007	0.968373179
2.17880011	0.969634771
2.1789999	0.971625626
2.17919993	0.973563194
2.17939997	0.976320088
2.1796	0.980707943
2.17980003	0.986148596
2.18000007	0.991198838
2.1802001	0.994819462
2.18039989	0.996898711
2.18059993	0.997900009
2.18079996	0.998354554
2.18099999	0.99858886
2.18120003	0.998735964
2.18140006	0.998802662
2.18160009	0.998722315
2.18179989	0.998363614
2.18199992	0.997416437
2.18219995	0.995299459
2.18239999	0.991092861
2.18260002	0.983727098
2.18280005	0.972820342
2.18300009	0.959991455
2.18319988	0.949255824
2.18339992	0.944810688
2.18359995	0.947638273
2.18379998	0.954365134
2.18400002	0.959795415
2.18420005	0.960089803
2.18440008	0.954450727
2.18459988	0.945740223
2.18479991	0.939624727
2.18499994	0.94133842
2.18519998	0.951601088
2.18540001	0.966224134
2.18560004	0.979767859
2.18580008	0.989165366
2.18600011	0.994246125
2.1861999	0.996104658
2.18639994	0.995704293
2.18659997	0.993626595
2.1868	0.99047029
2.18700004	0.987045765
2.18720007	0.984008014
2.1874001	0.981507421
2.1875999	0.979425192
2.18779993	0.977945805
2.18799996	0.977733254
2.1882	0.979452431
2.18840003	0.983047903
2.18860006	0.987475336
2.1888001	0.991135955
2.18899989	0.992844343
2.18919992	0.992467642
2.18939996	0.990844011
2.18959999	0.989037156
2.18980002	0.987410843
2.19000006	0.985548913
2.19020009	0.983310878
2.19039989	0.981708705
2.19059992	0.982264161
2.19079995	0.985405684
2.19099998	0.989920795
2.19120002	0.994045019
2.19140005	0.996792793
2.19160008	0.998197675
2.19179988	0.998760104
2.19199991	0.998938084
2.19219995	0.998973131
2.19239998	0.998968601
2.19260001	0.998959422
2.19280005	0.998953223
2.19300008	0.998940587
2.19319987	0.998866916
2.19339991	0.998577058
2.19359994	0.997710228
2.19379997	0.99557668
2.19400001	0.991263151
2.19420004	0.984240115
2.19440007	0.975267828
2.19460011	0.966775656
2.1947999	0.961989522
2.19499993	0.963008344
2.19519997	0.96940124
2.1954	0.978347063
2.19560003	0.986404061
2.19580007	0.991371989
2.1960001	0.992946684
2.19619989	0.992183924
2.19639993	0.990639567
2.19659996	0.989640951
2.19679999	0.989736497
2.19700003	0.990412176
2.19720006	0.99033469
2.19740009	0.987759471
2.19759989	0.981054485
2.19779992	0.969782591
2.19799995	0.956230819
2.19819999	0.945245147
2.19840002	0.941014707
2.19860005	0.943315625
2.19880009	0.947389245
2.19899988	0.947782397
2.19919991	0.94193846
2.19939995	0.930554688
2.19959998	0.915922046
2.19980001	0.900840282
2.20000005	0.888795793
2.20020008	0.883898675
2.20039988	0.889216185
2.20059991	0.904518008
2.20079994	0.925325632
2.20099998	0.944926798
2.20120001	0.957967281
2.20140004	0.962906122
2.20160007	0.961721599
2.20180011	0.957817733
2.2019999	0.954108596
2.20219994	0.952325344
2.20239997	0.953130543
2.2026	0.956360638
2.20280004	0.961311936
2.20300007	0.967038572
2.2032001	0.972490489
2.2033999	0.976593316
2.20359993	0.978452444
2.20379996	0.977651536
2.204	0.974165261
2.20420003	0.967936397
2.20440006	0.959198892
2.2046001	0.94982475
2.20479989	0.943712533
2.20499992	0.944483995
2.20519996	0.95239377
2.20539999	0.963972747
2.20560002	0.974886239
2.20580006	0.982658684
2.20600009	0.986994088
2.20619988	0.988542974
2.20639992	0.988170803
2.20659995	0.986916304
2.20679998	0.985854149
2.20700002	0.985577345
2.20720005	0.986045003
2.20740008	0.987069905
2.20759988	0.988683105
2.20779991	0.990890801
2.20799994	0.993335724
2.20819998	0.995443225
2.20840001	0.996838391
2.20860004	0.997514009
2.20880008	0.997702301
2.20899987	0.997659981
2.20919991	0.99757266
2.20939994	0.997438908
2.20959997	0.997083068
2.2098	0.996281326
2.21000004	0.994994879
2.21020007	0.993494689
2.2104001	0.992057681
2.2105999	0.99064976
2.21079993	0.989105344
2.21099997	0.987760067
2.2112	0.987516224
2.21140003	0.988996446
2.21160007	0.99177289
2.2118001	0.994692266
2.21199989	0.996820033
2.21219993	0.99794358
2.21239996	0.998359323
2.21259999	0.99845618
2.21280003	0.998480678
2.21300006	0.998490632
2.21320009	0.998423338
2.21339989	0.998165369
2.21359992	0.997619629
2.21379995	0.996733487
2.21399999	0.995431542
2.21420002	0.993587554
2.21440005	0.991232097
2.21460009	0.988823473
2.21479988	0.98717773
2.21499991	0.986610293
2.21519995	0.986122012
2.21539998	0.98374778
2.21560001	0.978121638
2.21580005	0.969867945
2.21600008	0.9613778
2.21619987	0.955480874
2.21639991	0.954253137
2.21659994	0.958427846
2.21679997	0.966951907
2.21700001	0.977072835
2.21720004	0.985743642
2.21740007	0.991222441
2.21760011	0.99357605
2.2177999	0.99390161
2.21799994	0.993355334
2.21819997	0.992741168
2.2184	0.992519975
2.21860003	0.992901504
2.21880007	0.993825614
2.2190001	0.994924307
2.2191999	0.995703995
2.21939993	0.995864511
2.21959996	0.995472372
2.2198	0.994782984
2.22000003	0.993896306
2.22020006	0.992630541
2.22040009	0.990657449
2.22059989	0.987555504
2.22079992	0.982679427
2.22099996	0.975630879
2.22119999	0.96736294
2.22140002	0.960631192
2.22160006	0.958507955
2.22180009	0.962045431
2.22199988	0.96952194
2.22219992	0.977891505
2.22239995	0.984699965
2.22259998	0.989062309
2.22280002	0.991372287
2.22300005	0.992407203
2.22320008	0.992683709
2.22339988	0.992404044
2.22359991	0.991753936
2.22379994	0.991036415
2.22399998	0.990488887
2.22420001	0.990026116
2.22440004	0.989270866
2.22460008	0.987910032
2.22480011	0.98606956
2.2249999	0.984371006
2.22519994	0.983511984
2.22539997	0.983647168
2.2256	0.984111726
2.22580004	0.983724713
2.22600007	0.981450617
2.2262001	0.976982296
2.2263999	0.971141577
2.22659993	0.965602219
2.22679996	0.962114394
2.227	0.96173948
2.22720003	0.964664638
2.22740006	0.970118761
2.2276001	0.976469219
2.22779989	0.981998622
2.22799993	0.985848844
2.22819996	0.988216698
2.22839999	0.989712536
2.22860003	0.990728855
2.22880006	0.991409242
2.22900009	0.991889715
2.22919989	0.992420912
2.22939992	0.993117988
2.22959995	0.993777215
2.22979999	0.993981779
2.23000002	0.993439615
2.23020005	0.992110431
2.23040009	0.990132689
2.23059988	0.987491131
2.23079991	0.983785033
2.23099995	0.978402197
2.23119998	0.97136718
2.23140001	0.964033723
2.23160005	0.958390951
2.23180008	0.955300093
2.23199987	0.954022467
2.23219991	0.953952014
2.23239994	0.955872118
2.23259997	0.960579813
2.23280001	0.966921926
2.23300004	0.97219038
2.23320007	0.974459231
2.23340011	0.974174559
2.2335999	0.973570585
2.23379993	0.974667132
2.23399997	0.97767514
2.2342	0.981249273
2.23440003	0.983952999
2.23460007	0.985257983
2.2348001	0.985401273
2.2349999	0.984856725
2.23519993	0.983912945
2.23539996	0.982425809
2.23559999	0.979897439
2.23580003	0.97606951
2.23600006	0.971550524
2.23620009	0.96776861
2.23639989	0.966145337
2.23659992	0.967070639
2.23679996	0.969335973
2.23699999	0.970761716
2.23720002	0.969847322
2.23740005	0.967023611
2.23760009	0.964296222
2.23779988	0.963799
2.23799992	0.966539383
2.23819995	0.972015023
2.23839998	0.978603303
2.23860002	0.984404385
2.23880005	0.988136113
2.23900008	0.989423513
2.23919988	0.988595426
2.23939991	0.98621124
2.23959994	0.982728124
2.23979998	0.978522837
2.24000001	0.974171102
2.24020004	0.970724285
2.24040008	0.969154
2.24060011	0.969270706
2.2407999	0.969561279
2.24099994	0.968602955
2.24119997	0.966729403
2.2414	0.96596247
2.24160004	0.96808064
2.24180007	0.972756922
2.2420001	0.977763891
2.2421999	0.980962992
2.24239993	0.981886566
2.24259996	0.981455386
2.2428	0.980645657
2.24300003	0.979434967
2.24320006	0.976814926
2.2434001	0.971720636
2.24359989	0.964391828
2.24379992	0.957049608
2.24399996	0.953136981
2.24419999	0.955137551
2.24440002	0.962704778
2.24460006	0.97275877
2.24480009	0.981480062
2.24499989	0.986448407
2.24519992	0.987093806
2.24539995	0.983805299
2.24559999	0.977321744
2.24580002	0.968979299
2.24600005	0.960781693
2.24620008	0.954225898
2.24639988	0.948971391
2.24659991	0.943268001
2.24679995	0.936435878
2.24699998	0.930826426
2.24720001	0.93073684
2.24740005	0.938626647
2.24760008	0.952541351
2.24780011	0.967513263
2.24799991	0.979198098
2.24819994	0.986049414
2.24839997	0.988647163
2.24860001	0.988341033
2.24880004	0.986318767
2.24900007	0.983417809
2.24920011	0.980117559
2.2493999	0.976691186
2.24959993	0.973379493
2.24979997	0.970367134
2.25	0.967607379
2.25020003	0.965077579
2.25040007	0.963270307
2.2506001	0.96308589
2.25079989	0.965075672
2.25099993	0.968877912
2.25119996	0.973342419
2.25139999	0.977009654
2.25160003	0.9786098
2.25180006	0.97759527
2.25200009	0.974651992
2.25219989	0.971498251
2.25239992	0.969639778
2.25259995	0.969045103
2.25279999	0.96822232
2.25300002	0.965641856
2.25320005	0.96077311
2.25340009	0.953953803
2.25359988	0.946174741
2.25379992	0.939386606
2.25399995	0.936426103
2.25419998	0.93929714
2.25440001	0.94720912
2.25460005	0.956626594
2.25480008	0.963434637
2.25499988	0.965219736
2.25519991	0.962095618
2.25539994	0.956155002
2.25559998	0.950170636
2.25580001	0.946020126
2.25600004	0.943609178
2.25620008	0.941004455
2.25640011	0.936307251
2.2565999	0.930098653
2.25679994	0.925799787
2.25699997	0.927069902
2.2572	0.934450328
2.25740004	0.944795191
2.25760007	0.953803897
2.2578001	0.958993673
2.2579999	0.96070677
2.25819993	0.961146235
2.25839996	0.962675452
2.2586	0.966348588
2.25880003	0.971350551
2.25900006	0.975721598
2.2592001	0.977722883
2.25939989	0.976660013
2.25959992	0.972863138
2.25979996	0.967421472
2.25999999	0.961658597
2.26020002	0.956090748
2.26040006	0.949682415
2.26060009	0.940924227
2.26079988	0.930029988
2.26099992	0.919259787
2.26119995	0.910731316
2.26139998	0.904583752
2.26160002	0.900197923
2.26180005	0.89817369
2.26200008	0.900374174
2.26219988	0.908415377
2.26239991	0.922288954
2.26259995	0.939325035
2.26279998	0.954427063
2.26300001	0.962452948
2.26320004	0.961556852
2.26340008	0.954553246
2.26360011	0.946864009
2.26379991	0.942340195
2.26399994	0.940489173
2.26419997	0.937817514
2.26440001	0.932264864
2.26460004	0.926322997
2.26480007	0.925365031
2.2650001	0.932738483
2.2651999	0.946757555
2.26539993	0.962399065
2.26559997	0.975064397
2.2658	0.982942998
2.26600003	0.986653447
2.26620007	0.98765415
2.2664001	0.986980855
2.26659989	0.984916091
2.26679993	0.981311917
2.26699996	0.976108015
2.26719999	0.969506919
2.26740003	0.961599588
2.26760006	0.951783597
2.26780009	0.938784182
2.26799989	0.92204541
2.26819992	0.903555214
2.26839995	0.888511717
2.26859999	0.883162498
2.26880002	0.890959263
2.26900005	0.909685671
2.26920009	0.932292521
2.26939988	0.950824082
2.26959991	0.96017772
2.26979995	0.959281981
2.26999998	0.951091111
2.27020001	0.94181031
2.27040005	0.938222587
2.27060008	0.943330586
2.27079988	0.954068959
2.27099991	0.964121342
2.27119994	0.968756318
2.27139997	0.967176199
2.27160001	0.960866094
2.27180004	0.951199353
2.27200007	0.939405382
2.27220011	0.928448319
2.2723999	0.923220277
2.27259994	0.927174389
2.27279997	0.938786983
2.273	0.95225817
2.27320004	0.962298274
2.27340007	0.967773736
2.2736001	0.970937729
2.2737999	0.973800004
2.27399993	0.975808978
2.27419996	0.974586248
2.2744	0.968260109
2.27460003	0.956477225
2.27480006	0.939383924
2.2750001	0.916810811
2.27519989	0.89005816
2.27539992	0.864584446
2.27559996	0.849152923
2.27579999	0.849758744
2.27600002	0.864460886
2.27620006	0.884864926
2.27640009	0.902634561
2.27659988	0.914235353
2.27679992	0.920792937
2.27699995	0.925622702
2.27719998	0.932166219
2.27740002	0.941865861
2.27760005	0.95290333
2.27780008	0.961926579
2.27799988	0.967351854
2.27819991	0.970433772
2.27839994	0.973283291
2.27859998	0.976858079
2.27880001	0.980854034
2.27900004	0.984594464
2.27920008	0.987472653
2.27940011	0.988841116
2.27959991	0.987687826
2.27979994	0.98242557
2.27999997	0.971267402
2.2802	0.953785956
2.28040004	0.933135152
2.28060007	0.9164536
2.2808001	0.911173165
2.2809999	0.919264853
2.28119993	0.935432374
2.28139997	0.95153892
2.2816	0.962286949
2.28180003	0.96604383
2.28200006	0.961728036
2.2822001	0.947271705
2.28239989	0.922502339
2.28259993	0.89320761
2.28279996	0.870916188
2.28299999	0.865422606
2.28320003	0.876239955
2.28340006	0.892445207
2.28360009	0.902654171
2.28379989	0.905216753
2.28399992	0.907734871
2.28419995	0.917133868
2.28439999	0.931768894
2.28460002	0.943376064
2.28480005	0.945266783
2.28500009	0.938244522
2.28519988	0.929881215
2.28539991	0.928527236
2.28559995	0.937126219
2.28579998	0.951594949
2.28600001	0.964883387
2.28620005	0.972304583
2.28640008	0.973790586
2.28660011	0.972372353
2.28679991	0.971150696
2.28699994	0.971128523
2.28719997	0.971319318
2.28740001	0.970636189
2.28760004	0.969394207
2.28780007	0.9688434
2.28800011	0.969718575
2.2881999	0.971520782
2.28839993	0.97270596
2.28859997	0.970740318
2.2888	0.962410629
2.28900003	0.945470035
2.28920007	0.920896351
2.2894001	0.893629611
2.2895999	0.871026993
2.28979993	0.860068679
2.28999996	0.864736319
2.2902	0.883493245
2.29040003	0.909159601
2.29060006	0.932745159
2.29080009	0.948733449
2.29099989	0.957090855
2.29119992	0.960769176
2.29139996	0.961819232
2.29159999	0.959869921
2.29180002	0.953392088
2.29200006	0.942564726
2.29220009	0.93133235
2.29239988	0.925897062
2.29259992	0.929846644
2.29279995	0.940648794
2.29299998	0.951295018
2.29320002	0.955565512
2.29340005	0.952070892
2.29360008	0.944476008
2.29379988	0.938327312
2.29399991	0.936524212
2.29419994	0.936926901
2.29439998	0.934579849
2.29460001	0.926901162
2.29480004	0.916282237
2.29500008	0.907255232
2.29520011	0.901778698
2.2953999	0.898462117
2.29559994	0.896125317
2.29579997	0.896382511
2.296	0.901887298
2.29620004	0.913197994
2.29640007	0.92813611
2.2966001	0.943606913
2.2967999	0.957289875
2.29699993	0.967772961
2.29719996	0.973599374
2.2974	0.97286278
2.29760003	0.963637948
2.29780006	0.945368886
2.2980001	0.920674264
2.29819989	0.895915031
2.29839993	0.878611088
2.29859996	0.873155355
2.29879999	0.878127635
2.29900002	0.888189137
2.29920006	0.898064196
2.29940009	0.904478073
2.29959989	0.905509055
2.29979992	0.900380909
2.29999995	0.890891194
2.30019999	0.881684065
2.30040002	0.877816141
2.30060005	0.882094741
2.30080009	0.894420385
2.30099988	0.912133038
2.30119991	0.930635214
2.30139995	0.944859743
2.30159998	0.951756239
2.30180001	0.951534271
2.30200005	0.946885109
2.30220008	0.941127956
2.30240011	0.936750531
2.30259991	0.934575975
2.30279994	0.933233976
2.30299997	0.929526567
2.30320001	0.920660317
2.30340004	0.90731293
2.30360007	0.893879414
2.30380011	0.884744465
2.3039999	0.880838096
2.30419993	0.880709946
2.30439997	0.883965135
2.3046	0.891525149
2.30480003	0.902757108
2.30500007	0.914337337
2.3052001	0.922895551
2.30539989	0.927869618
2.30559993	0.930965066
2.30579996	0.933494508
2.30599999	0.935283899
2.30620003	0.935894072
2.30640006	0.93574816
2.30660009	0.935161054
2.30679989	0.932672083
2.30699992	0.92569679
2.30719995	0.914357305
2.30739999	0.90412277
2.30760002	0.902621329
2.30780005	0.912836492
2.30800009	0.930306375
2.30819988	0.947257161
2.30839992	0.958395302
2.30859995	0.96270287
2.30879998	0.962061167
2.30900002	0.959240079
2.30920005	0.956724763
2.30940008	0.956126034
2.30959988	0.958001673
2.30979991	0.962148428
2.30999994	0.968030691
2.31019998	0.974960744
2.31040001	0.981903672
2.31060004	0.987636983
2.31080008	0.991286159
2.31100011	0.992538631
2.3111999	0.991382122
2.31139994	0.987805307
2.31159997	0.982066095
2.3118	0.975408554
2.31200004	0.970380783
2.31220007	0.969640434
2.3124001	0.973869383
2.3125999	0.981044948
2.31279993	0.98806715
2.31299996	0.992945194
2.3132	0.99548316
2.31340003	0.996477067
2.31360006	0.996744335
2.3138001	0.996730447
2.31399989	0.996559501
2.31419992	0.996156991
2.31439996	0.995397091
2.31459999	0.994194448
2.31480002	0.992374301
2.31500006	0.989186525
2.31520009	0.982854187
2.31539989	0.970844924
2.31559992	0.951127112
2.31579995	0.923497319
2.31599998	0.889235437
2.31620002	0.849654734
2.31640005	0.806021512
2.31660008	0.761954904
2.31679988	0.725276232
2.31699991	0.704859734
2.31719995	0.704430819
2.31739998	0.719161212
2.31760001	0.739844501
2.31780005	0.759930849
2.31800008	0.778255701
2.31820011	0.79668802
2.31839991	0.817048013
2.31859994	0.839582384
2.31879997	0.86209929
2.31900001	0.880847991
2.31920004	0.893154144
2.31940007	0.899680316
2.31960011	0.903790891
2.3197999	0.908610046
2.31999993	0.914746106
2.32019997	0.920569539
2.3204	0.92448765
2.32060003	0.926739335
2.32080007	0.928773761
2.3210001	0.930818558
2.32119989	0.930519283
2.32139993	0.924943507
2.32159996	0.914321721
2.32179999	0.903141141
2.32200003	0.896561027
2.32220006	0.895913303
2.32240009	0.898576617
2.32259989	0.90185982
2.32279992	0.905533552
2.32299995	0.910733402
2.32319999	0.917927384
2.32340002	0.926341712
2.32360005	0.934897363
2.32380009	0.943397582
2.32399988	0.952289522
2.32419991	0.961177886
2.32439995	0.967920721
2.32459998	0.969668865
2.32480001	0.964737177
2.32500005	0.95413208
2.32520008	0.942048013
2.32540011	0.934212267
2.32559991	0.934091449
2.32579994	0.940122724
2.32599998	0.947367191
2.32620001	0.952324331
2.32640004	0.955663085
2.32660007	0.960193396
2.32680011	0.967118323
2.3269999	0.974816561
2.32719994	0.980542004
2.32739997	0.982210219
2.3276	0.978468001
2.32780004	0.967863619
2.32800007	0.949619591
2.3282001	0.926563144
2.3283999	0.906453967
2.32859993	0.897644222
2.32879996	0.902565598
2.329	0.916319191
2.32920003	0.932118297
2.32940006	0.94634968
2.3296001	0.958393753
2.32979989	0.967844605
2.32999992	0.973462939
2.33019996	0.974030554
2.33039999	0.969536066
2.33060002	0.961500943
2.33080006	0.952197015
2.33100009	0.943011343
2.33119988	0.933641672
2.33139992	0.923713088
2.33159995	0.915111363
2.33179998	0.911348343
2.33200002	0.914334476
2.33220005	0.922608733
2.33240008	0.933014035
2.33259988	0.943221152
2.33279991	0.952295601
2.33299994	0.95932126
2.33319998	0.962584972
2.33340001	0.960584342
2.33360004	0.953888178
2.33380008	0.945432246
2.33400011	0.93844521
2.33419991	0.933827519
2.33439994	0.929962158
2.33459997	0.92546761
2.3348	0.921626925
2.33500004	0.921389699
2.33520007	0.92565459
2.3354001	0.931317985
2.3355999	0.933955491
2.33579993	0.932478249
2.33599997	0.930475891
2.3362	0.932573557
2.33640003	0.939966321
2.33660007	0.949831426
2.3368001	0.958339691
2.33699989	0.963221848
2.33719993	0.963898838
2.33739996	0.960157573
2.33759999	0.951398253
2.33780003	0.937348366
2.33800006	0.91964376
2.33820009	0.902368724
2.33839989	0.890394688
2.33859992	0.88657093
2.33879995	0.890022576
2.33899999	0.895879447
2.33920002	0.896875799
2.33940005	0.886999607
2.33960009	0.86568445
2.33979988	0.839485168
2.33999991	0.818956852
2.34019995	0.812433839
2.34039998	0.8202402
2.34060001	0.834794343
2.34080005	0.847174168
2.34100008	0.854201436
2.34120011	0.858978927
2.34139991	0.865344644
2.34159994	0.873693764
2.34179997	0.882425249
2.34200001	0.891394794
2.34220004	0.901784062
2.34240007	0.913237751
2.34260011	0.922852457
2.3427999	0.92728591
2.34299994	0.925417125
2.34319997	0.91937232
2.3434	0.913643599
2.34360003	0.912544787
2.34380007	0.917085409
2.3440001	0.923425794
2.3441999	0.924930573
2.34439993	0.917192161
2.34459996	0.90192014
2.3448	0.886082947
2.34500003	0.876796067
2.34520006	0.876773655
2.34540009	0.883897245
2.34559989	0.89397049
2.34579992	0.902992725
2.34599996	0.907520592
2.34619999	0.905430138
2.34640002	0.897830963
2.34660006	0.889343977
2.34680009	0.884278655
2.34699988	0.882097363
2.34719992	0.877954841
2.34739995	0.868127704
2.34759998	0.853892624
2.34780002	0.840487659
2.34800005	0.833898962
2.34820008	0.838169575
2.34840012	0.853017032
2.34859991	0.872683883
2.34879994	0.888720632
2.34899998	0.895220459
2.34920001	0.892247021
2.34940004	0.884105742
2.34960008	0.874834955
2.34980011	0.865226984
2.3499999	0.853414774
2.35019994	0.838106632
2.35039997	0.821651578
2.3506	0.809598327
2.35080004	0.806816041
2.35100007	0.812971294
2.3512001	0.821674049
2.3513999	0.825151861
2.35159993	0.820228994
2.35179996	0.80916208
2.352	0.79651624
2.35220003	0.787957489
2.35240006	0.789792776
2.3526001	0.804230511
2.35279989	0.824739516
2.35299993	0.840787053
2.35319996	0.848570645
2.35339999	0.85484612
2.35360003	0.868565619
2.35380006	0.890762389
2.35400009	0.913794398
2.35419989	0.928980589
2.35439992	0.933649004
2.35459995	0.931203067
2.35479999	0.926209569
2.35500002	0.919177413
2.35520005	0.905644059
2.35540009	0.880977869
2.35559988	0.847900987
2.35579991	0.819006681
2.35599995	0.809629142
2.35619998	0.825419784
2.35640001	0.857451081
2.35660005	0.889844
2.35680008	0.911778927
2.35700011	0.922557712
2.35719991	0.927162886
2.35739994	0.928625345
2.35759997	0.924208283
2.35780001	0.907739401
2.35800004	0.875447631
2.35820007	0.831226051
2.35840011	0.78807801
2.3585999	0.763878226
2.35879993	0.771755755
2.35899997	0.81109786
2.3592	0.86675036
2.35940003	0.918991208
2.35960007	0.955324233
2.3598001	0.974373698
2.3599999	0.981516242
2.36019993	0.982800186
2.36039996	0.981660485
2.36059999	0.978450119
2.36080003	0.97107923
2.36100006	0.956762731
2.36120009	0.935505986
2.36139989	0.913312793
2.36159992	0.900396764
2.36179996	0.903938532
2.36199999	0.921753347
2.36220002	0.944281876
2.36240005	0.962255955
2.36260009	0.971687317
2.36279988	0.972889364
2.36299992	0.966945767
2.36319995	0.953752816
2.36339998	0.933052957
2.36360002	0.907340884
2.36380005	0.883561552
2.36400008	0.870342612
2.36420012	0.872283638
2.36439991	0.887248456
2.36459994	0.909142733
2.36479998	0.931793988
2.36500001	0.950802684
2.36520004	0.963590324
2.36540008	0.968901277
2.36560011	0.966487885
2.3657999	0.957705379
2.36599994	0.946388185
2.36619997	0.937400043
2.3664	0.931960762
2.36660004	0.92471683
2.36680007	0.907663643
2.3670001	0.878692091
2.3671999	0.846305728
2.36739993	0.824945986
2.36759996	0.824861228
2.3678	0.84433794
2.36800003	0.870837212
2.36820006	0.889597297
2.3684001	0.893069625
2.36859989	0.884720623
2.36879992	0.875160635
2.36899996	0.873489022
2.36919999	0.879291713
2.36940002	0.881356955
2.36960006	0.864352167
2.36980009	0.818712354
2.36999989	0.747538626
2.37019992	0.666522801
2.37039995	0.597360969
2.37059999	0.555600941
2.37080002	0.542289615
2.37100005	0.547237933
2.37120008	0.561254978
2.37139988	0.584011674
2.37159991	0.619540513
2.37179995	0.666299462
2.37199998	0.714866161
2.37220001	0.754968047
2.37240005	0.783352315
2.37260008	0.804704249
2.37280011	0.825778961
2.37299991	0.848873377
2.37319994	0.870920002
2.37339997	0.888200402
2.37360001	0.901047111
2.37380004	0.912483633
2.37400007	0.923409402
2.37420011	0.931159616
2.3743999	0.933089018
2.37459993	0.93013382
2.37479997	0.926314533
2.375	0.92541039
2.37520003	0.928216696
2.37540007	0.931704521
2.3756001	0.929828763
2.37579989	0.91594559
2.37599993	0.88672471
2.37619996	0.84614867
2.37639999	0.8060776
2.37660003	0.781383753
2.37680006	0.781238258
2.37700009	0.802610338
2.37719989	0.83132565
2.37739992	0.849920988
2.37759995	0.846546233
2.37779999	0.822253525
2.37800002	0.792939901
2.37820005	0.781137407
2.37840009	0.799685061
2.37859988	0.841505706
2.37879992	0.886618614
2.37899995	0.917393148
2.37919998	0.927625716
2.37940001	0.920790434
2.37960005	0.904484928
2.37980008	0.88631773
2.38000011	0.871990204
2.38019991	0.865092158
2.38039994	0.867681563
2.38059998	0.880268335
2.38080001	0.900788426
2.38100004	0.924508214
2.38120008	0.945896149
2.38140011	0.961129487
2.3815999	0.969029605
2.38179994	0.970050514
2.38199997	0.964547098
2.3822	0.951725364
2.38240004	0.929421902
2.38260007	0.895247519
2.3828001	0.849661708
2.3829999	0.79895097
2.38319993	0.753159821
2.38339996	0.71967876
2.3836	0.699163139
2.38380003	0.690775454
2.38400006	0.698642612
2.3842001	0.728324234
2.38439989	0.777411938
2.38459992	0.833775401
2.38479996	0.882228136
2.38499999	0.911392331
2.38520002	0.915213704
2.38540006	0.893080413
2.38560009	0.851869464
2.38579988	0.807087123
2.38599992	0.77730906
2.38619995	0.774050295
2.38639998	0.795354068
2.38660002	0.829514444
2.38680005	0.862989604
2.38700008	0.885237813
2.38720012	0.890107393
2.38739991	0.8762514
2.38759995	0.847446024
2.38779998	0.813754141
2.38800001	0.791062772
2.38820004	0.79423666
2.38840008	0.825922966
2.38860011	0.872960329
2.38879991	0.915900767
2.38899994	0.94174552
2.38919997	0.947807133
2.38940001	0.938739181
2.38960004	0.922595799
2.38980007	0.908206522
2.3900001	0.901723444
2.3901999	0.902617216
2.39039993	0.90259546
2.39059997	0.889531672
2.3908	0.855023682
2.39100003	0.80186975
2.39120007	0.747234583
2.3914001	0.716517627
2.39159989	0.727493644
2.39179993	0.776326776
2.39199996	0.840022087
2.39219999	0.893924654
2.39240003	0.926361501
2.39260006	0.93901819
2.39280009	0.939242899
2.39299989	0.934538782
2.39319992	0.930794179
2.39339995	0.930612028
2.39359999	0.931627512
2.39380002	0.928566098
2.39400005	0.918846369
2.39420009	0.906182408
2.39439988	0.897791922
2.39459991	0.897983789
2.39479995	0.905116558
2.39499998	0.914154947
2.39520001	0.921158373
2.39540005	0.924904644
2.39560008	0.924704969
2.39580011	0.917022049
2.39599991	0.895297348
2.39619994	0.855359793
2.39639997	0.803267717
2.39660001	0.756391466
2.39680004	0.733567476
2.39700007	0.742391646
2.39720011	0.77624476
2.3973999	0.821620941
2.39759994	0.866087735
2.39779997	0.901212335
2.398	0.924031854
2.39820004	0.93671459
2.39840007	0.943548977
2.3986001	0.947591722
2.3987999	0.949916601
2.39899993	0.950502276
2.39919996	0.948672295
2.3994	0.942988932
2.39960003	0.931297958
2.39980006	0.911907494
2.4000001	0.886724055
2.40019989	0.86414659
2.40039992	0.856055617
2.40059996	0.86894846
2.40079999	0.89750284
2.40100002	0.928456008
2.40120006	0.950286925
2.40140009	0.959174216
2.40159988	0.958270967
2.40179992	0.953700185
2.40199995	0.950832009
2.40219998	0.952013969
2.40240002	0.956067562
2.40260005	0.959605396
2.40280008	0.959355712
2.40300012	0.953404665
2.40319991	0.939771295
2.40339994	0.913664937
2.40359998	0.868906617
2.40380001	0.806214511
2.40400004	0.741981149
2.40420008	0.704301357
2.40440011	0.713481009
2.40459991	0.764403999
2.40479994	0.830493987
2.40499997	0.884110272
2.4052	0.912925601
2.40540004	0.919887483
2.40560007	0.914143682
2.4058001	0.903606296
2.4059999	0.89160341
2.40619993	0.875842929
2.40639997	0.850776076
2.4066	0.81451261
2.40680003	0.774687469
2.40700006	0.74460727
2.4072001	0.732582867
2.40739989	0.738074481
2.40759993	0.758192718
2.40779996	0.792119145
2.40799999	0.836965442
2.40820003	0.883867025
2.40840006	0.921715617
2.40860009	0.943288028
2.40879989	0.946402311
2.40899992	0.930641115
2.40919995	0.89553982
2.40939999	0.844478071
2.40960002	0.790785074
2.40980005	0.756334364
2.41000009	0.758434296
2.41020012	0.796108365
2.41039991	0.85066998
2.41059995	0.899758339
2.41079998	0.928846657
2.41100001	0.933271289
2.41120005	0.915237188
2.41140008	0.883312762
2.41160011	0.852337301
2.41179991	0.837706566
2.41199994	0.845921159
2.41219997	0.871327519
2.41240001	0.902089
2.41260004	0.928266108
2.41280007	0.944422722
2.41300011	0.947652757
2.4131999	0.935779214
2.41339993	0.907666445
2.41359997	0.86503464
2.4138	0.8141523
2.41400003	0.767074466
2.41420007	0.739953935
2.4144001	0.744838417
2.4145999	0.778540492
2.41479993	0.820170522
2.41499996	0.841158628
2.4152	0.819932938
2.41540003	0.751784801
2.41560006	0.653243184
2.41580009	0.559679031
2.41599989	0.511370003
2.41619992	0.531088114
2.41639996	0.61012274
2.41659999	0.715000153
2.41680002	0.810016334
2.41700006	0.875420332
2.41720009	0.909246683
2.41739988	0.917431355
2.41759992	0.903449774
2.41779995	0.864598095
2.41799998	0.796822786
2.41820002	0.703920066
2.41840005	0.601905644
2.41860008	0.512218118
2.41880012	0.45090127
2.41899991	0.426359683
2.41919994	0.444059312
2.41939998	0.505915284
2.41960001	0.602510095
2.41980004	0.711547375
2.42000008	0.808290064
2.42020011	0.878256202
2.4203999	0.92065233
2.42059994	0.942846119
2.42079997	0.952893913
2.421	0.955958188
2.42120004	0.953511357
2.42140007	0.944620371
2.4216001	0.929105461
2.4217999	0.911032498
2.42199993	0.898379505
2.42219996	0.897682071
2.4224	0.908411384
2.42260003	0.923674166
2.42280006	0.935619771
2.4230001	0.938582778
2.42319989	0.927776515
2.42339993	0.898587763
2.42359996	0.851522088
2.42379999	0.798849225
2.42400002	0.762597382
2.42420006	0.759997368
2.42440009	0.789092124
2.42459989	0.830755472
2.42479992	0.865560055
2.42499995	0.886179149
2.42519999	0.895310402
2.42540002	0.895199239
2.42560005	0.882143497
2.42580009	0.851323068
2.42600012	0.806999803
2.42619991	0.767173827
2.42639995	0.754154861
2.42659998	0.777396023
2.42680001	0.82521081
2.42700005	0.875135064
2.42720008	0.911005139
2.42740011	0.930444837
2.42759991	0.940111041
2.42779994	0.947258949
2.42799997	0.954831302
2.42820001	0.961771011
2.42840004	0.965975165
2.42860007	0.966697097
2.42880011	0.964820206
2.4289999	0.961736143
2.42919993	0.95841068
2.42939997	0.955354095
2.4296	0.953080773
2.42980003	0.952375233
2.43000007	0.953938544
2.4302001	0.957651198
2.43039989	0.962274909
2.43059993	0.966118693
2.43079996	0.968149304
2.43099999	0.968581498
2.43120003	0.968365729
2.43140006	0.968217969
2.43160009	0.967966974
2.43179989	0.966484189
2.43199992	0.961623132
2.43219995	0.95019722
2.43239999	0.928146839
2.43260002	0.891905725
2.43280005	0.841963053
2.43300009	0.787647963
2.43319988	0.747410655
2.43339992	0.73865217
2.43359995	0.763271391
2.43379998	0.802908063
2.43400002	0.830268979
2.43420005	0.824351132
2.43440008	0.777070761
2.43460011	0.691919565
2.43479991	0.58145231
2.43499994	0.465017289
2.43519998	0.366005957
2.43540001	0.3028211
2.43560004	0.278993636
2.43580008	0.282833874
2.43600011	0.301458985
2.4361999	0.335408807
2.43639994	0.396532685
2.43659997	0.491026819
2.4368	0.607611597
2.43700004	0.72247529
2.43720007	0.814490139
2.4374001	0.875876129
2.4375999	0.911372721
2.43779993	0.930787325
2.43799996	0.942256808
2.4382	0.950235963
2.43840003	0.95636034
2.43860006	0.961102664
2.4388001	0.964803398
2.43899989	0.967763722
2.43919992	0.970014155
2.43939996	0.971326113
2.43959999	0.971532702
2.43980002	0.970792949
2.44000006	0.969591796
2.44020009	0.968573868
2.44039989	0.96825546
2.44059992	0.968756676
2.44079995	0.969779968
2.44099998	0.970785975
2.44120002	0.971262991
2.44140005	0.970879138
2.44160008	0.969261646
2.44180012	0.965187609
2.44199991	0.955817997
2.44219995	0.93732661
2.44239998	0.90830183
2.44260001	0.873994112
2.44280005	0.846602023
2.44300008	0.838487208
2.44320011	0.852942646
2.44339991	0.881580055
2.44359994	0.911164761
2.44379997	0.932256341
2.44400001	0.942671001
2.44420004	0.944758296
2.44440007	0.941190004
2.44460011	0.932274282
2.4447999	0.914802969
2.44499993	0.88167119
2.44519997	0.82357353
2.4454	0.734606743
2.44560003	0.621746898
2.44580007	0.510846853
2.4460001	0.43838948
2.44619989	0.428347319
2.44639993	0.471996695
2.44659996	0.532049
2.44679999	0.57098496
2.44700003	0.578710854
2.44720006	0.573646843
2.44740009	0.578971326
2.44759989	0.601695597
2.44779992	0.635766268
2.44799995	0.677439868
2.44819999	0.728968263
2.44840002	0.788584471
2.44860005	0.84545815
2.44880009	0.886650562
2.44900012	0.904544771
2.44919991	0.895869672
2.44939995	0.857292056
2.44959998	0.787080824
2.44980001	0.693356097
2.45000005	0.598351896
2.45020008	0.527592063
2.45040011	0.489697188
2.45059991	0.468929619
2.45079994	0.442623228
2.45099998	0.407065719
2.45120001	0.384203404
2.45140004	0.40278843
2.45160007	0.473223984
2.45180011	0.579424083
2.4519999	0.691641986
2.45219994	0.785736859
2.45239997	0.851221323
2.4526	0.888800681
2.45280004	0.90242672
2.45300007	0.894133329
2.4532001	0.86484766
2.4533999	0.819394767
2.45359993	0.76851356
2.45379996	0.722798586
2.454	0.68315208
2.45420003	0.643246472
2.45440006	0.605288744
2.4546001	0.588432372
2.45479989	0.613863945
2.45499992	0.682225287
2.45519996	0.77011174
2.45539999	0.848675549
2.45560002	0.901990175
2.45580006	0.929740667
2.45600009	0.939344943
2.45619988	0.9390499
2.45639992	0.935643435
2.45659995	0.934114456
2.45679998	0.936831594
2.45700002	0.943130493
2.45720005	0.950510561
2.45740008	0.956733823
2.45760012	0.960911095
2.45779991	0.963179469
2.45799994	0.963961482
2.45819998	0.963553429
2.45840001	0.961966097
2.45860004	0.958898187
2.45880008	0.954075396
2.45900011	0.948052466
2.45919991	0.942731977
2.45939994	0.940576434
2.45959997	0.942881346
2.4598	0.948627532
2.46000004	0.955174506
2.46020007	0.959926128
2.4604001	0.961359382
2.4605999	0.958963156
2.46079993	0.952812016
2.46099997	0.943393171
2.4612	0.931110263
2.46140003	0.914723635
2.46160007	0.88909179
2.4618001	0.844462335
2.46199989	0.770685554
2.46219993	0.666708708
2.46239996	0.551282227
2.46259999	0.461417556
2.46280003	0.433658034
2.46300006	0.479415894
2.46320009	0.576512456
2.46339989	0.684362948
2.46359992	0.768160522
2.46379995	0.811891556
2.46399999	0.820038855
2.46420002	0.811692238
2.46440005	0.809821725
2.46460009	0.827802896
2.46480012	0.862373292
2.46499991	0.899636149
2.46519995	0.927428484
2.46539998	0.941505969
2.46560001	0.944230497
2.46580005	0.940731645
2.46600008	0.936379313
2.46620011	0.934802294
2.46639991	0.936060429
2.46659994	0.936158299
2.46679997	0.928070724
2.46700001	0.903813958
2.46720004	0.858699739
2.46740007	0.798259199
2.46760011	0.741806984
2.4677999	0.713730335
2.46799994	0.725430489
2.46819997	0.766270459
2.4684	0.813911259
2.46860003	0.85252738
2.46880007	0.879529178
2.4690001	0.898910463
2.4691999	0.913288057
2.46939993	0.922375023
2.46959996	0.925266385
2.4698	0.92227757
2.47000003	0.914909542
2.47020006	0.904895723
2.47040009	0.892811239
2.47059989	0.876845956
2.47079992	0.852293551
2.47099996	0.812179804
2.47119999	0.748582423
2.47140002	0.655706584
2.47160006	0.535087347
2.47180009	0.399950117
2.47200012	0.273246497
2.47219992	0.178268582
2.47239995	0.128554523
2.47259998	0.127448261
2.47280002	0.173634708
2.47300005	0.264137208
2.47320008	0.389422417
2.47340012	0.529332399
2.47359991	0.658807158
2.47379994	0.760157406
2.47399998	0.828159153
2.47420001	0.867157817
2.47440004	0.883742452
2.47460008	0.882968783
2.47480011	0.869432926
2.4749999	0.849941313
2.47519994	0.833578348
2.47539997	0.82854116
2.4756	0.838111162
2.47580004	0.859416604
2.47600007	0.885321856
2.4762001	0.907852292
2.4763999	0.920814812
2.47659993	0.920566797
2.47679996	0.905933738
2.477	0.879837751
2.47720003	0.850885272
2.47740006	0.830361605
2.4776001	0.824061036
2.47779989	0.826384902
2.47799993	0.824572563
2.47819996	0.810677588
2.47839999	0.789633393
2.47860003	0.774415016
2.47880006	0.772390604
2.47900009	0.777103245
2.47919989	0.773839235
2.47939992	0.752229214
2.47959995	0.712644756
2.47979999	0.661589801
2.48000002	0.604617
2.48020005	0.547259212
2.48040009	0.499764144
2.48060012	0.472165197
2.48079991	0.462287486
2.48099995	0.456409961
2.48119998	0.447538078
2.48140001	0.44860217
2.48160005	0.481133044
2.48180008	0.551185369
2.48200011	0.640489519
2.48219991	0.720865548
2.48239994	0.773815572
2.48259997	0.795318127
2.48280001	0.789016128
2.48300004	0.757992625
2.48320007	0.702123761
2.48340011	0.620106578
2.4835999	0.514954507
2.48379993	0.400222421
2.48399997	0.302856177
2.4842	0.254003376
2.48440003	0.272829086
2.48460007	0.354700476
2.4848001	0.473480761
2.4849999	0.595679879
2.48519993	0.696085453
2.48539996	0.763217032
2.48559999	0.797113776
2.48580003	0.802843034
2.48600006	0.785376608
2.48620009	0.74745822
2.48639989	0.691701233
2.48659992	0.624946654
2.48679996	0.558729947
2.48699999	0.499914944
2.48720002	0.442737579
2.48740005	0.376152515
2.48760009	0.301016629
2.48780012	0.236084402
2.48799992	0.205654323
2.48819995	0.223438099
2.48839998	0.286507159
2.48860002	0.376956105
2.48880005	0.468249202
2.48900008	0.53774792
2.48920012	0.580582023
2.48939991	0.609652102
2.48959994	0.638303339
2.48979998	0.664789498
2.49000001	0.677845597
2.49020004	0.673960745
2.49040008	0.662958145
2.49060011	0.656584382
2.4907999	0.656959295
2.49099994	0.656450152
2.49119997	0.643096566
2.4914	0.605733812
2.49160004	0.542012453
2.49180007	0.467594951
2.4920001	0.413145959
2.4921999	0.40394339
2.49239993	0.439431638
2.49259996	0.494431376
2.4928	0.540595531
2.49300003	0.565781832
2.49320006	0.574080229
2.4934001	0.57126075
2.49359989	0.553075254
2.49379992	0.507626414
2.49399996	0.428655684
2.49419999	0.326181144
2.49440002	0.224679977
2.49460006	0.151019394
2.49480009	0.123307593
2.49499989	0.148015067
2.49519992	0.222066343
2.49539995	0.332430661
2.49559999	0.454864711
2.49580002	0.559162498
2.49600005	0.622672319
2.49620008	0.643362701
2.49640012	0.640947461
2.49659991	0.642715633
2.49679995	0.663972616
2.49699998	0.699520051
2.49720001	0.731981397
2.49740005	0.746842742
2.49760008	0.741542459
2.49780011	0.72555995
2.49799991	0.71437788
2.49819994	0.719366431
2.49839997	0.73832196
2.49860001	0.755741715
2.49880004	0.756370604
2.49900007	0.73969841
2.49920011	0.720070779
2.4993999	0.713500142
2.49959993	0.726048172
2.49979997	0.752447426
