7.174048372793515149e+00
7.198798636672196771e+00
7.295871967492415067e+00
7.247541946039029348e+00
7.346561986978292325e+00
7.356338795535044994e+00
7.583709775000201603e+00
7.702013003341973807e+00
7.768200183052544006e+00
7.916964881757949435e+00
7.930424101989994590e+00
8.069249942035259693e+00
8.255117517139041183e+00
8.373376615269457091e+00
8.437408870581137421e+00
8.404181309455220017e+00
8.572987519095756070e+00
8.556662583712524750e+00
8.700283659262703750e+00
8.735202302161273025e+00
8.685621091224414059e+00
8.658845696811255266e+00
8.668973506455904143e+00
8.674857357579407235e+00
8.590656689378405986e+00
8.468972288350453681e+00
8.318478132664392177e+00
8.170102679013174551e+00
8.009630072478978846e+00
7.914709292982000655e+00
7.796193335424905335e+00
7.625864874551636419e+00
7.414392351049918339e+00
7.230151965913458767e+00
6.971857341489068105e+00
6.756456823902091458e+00
6.520181144870779377e+00
6.328970106439406607e+00
6.139426090131951952e+00
5.985920556206984600e+00
5.858344736113878959e+00
5.609373803514796641e+00
5.317669285899620846e+00
5.045717705955512500e+00
4.805542525192936232e+00
4.516624849409866194e+00
4.300280977091976098e+00
4.073578695215791967e+00
3.857591290986778443e+00
3.680058182126540345e+00
3.470459686413382538e+00
3.273194633977794421e+00
3.107219342066244838e+00
2.931936658512817484e+00
2.804223078334246555e+00
2.658255212672610224e+00
2.518647067802596506e+00
2.378968874905610598e+00
2.299487659951433560e+00
2.189603934594248180e+00
2.089949902143836802e+00
1.981955671077734404e+00
1.907014812105776391e+00
1.871980822355855612e+00
1.863909501404070079e+00
1.841710363290515184e+00
1.767915152091807052e+00
1.766092598459907848e+00
1.721434795139158425e+00
1.681269052604586145e+00
1.667980797687908634e+00
1.661878433756493578e+00
1.646050564868060562e+00
1.619306860379553292e+00
1.607372238894988481e+00
1.577888218919061503e+00
1.584169784395986103e+00
1.551748199887060142e+00
1.510441322141629295e+00
1.463178556478279768e+00
1.420350563962887724e+00
1.410235271038725369e+00
1.365995328769867401e+00
1.344709410048905429e+00
1.305835059493994255e+00
1.317148087515141786e+00
1.349982989803966804e+00
1.386162967512716948e+00
1.346723639254539640e+00
1.339142892762967607e+00
1.297009749216633923e+00
1.249175975526181759e+00
1.224681907489876043e+00
1.221165868153553991e+00
1.222037006524447911e+00
1.232085161464971046e+00
1.199029172037593405e+00
1.155942220253460606e+00
1.192377155757414320e+00
1.191836237634518181e+00
1.200300748633989167e+00
1.217226136980259277e+00
1.199123927691696290e+00
1.210393878129660372e+00
1.220625830473259565e+00
1.198268258876790338e+00
1.125019348890779147e+00
1.037050247480432397e+00
9.973314756048898833e-01
9.813767187700899175e-01
9.712335840664638731e-01
9.772338705614430632e-01
1.029167299290007165e+00
1.034414722432536848e+00
1.068271711577414962e+00
1.156933215541163795e+00
1.162188147818406403e+00
1.188895397946865051e+00
1.147532403186020344e+00
1.148271807581183079e+00
1.178245300704608312e+00
1.214153392696027733e+00
1.199574801221349407e+00
1.181670856710110185e+00
1.228489660022699326e+00
1.225731861340698003e+00
1.214586219805555700e+00
1.218949097181094565e+00
1.224779531521775988e+00
1.249086147705834815e+00
1.251206572987355825e+00
1.235436034183299503e+00
1.203234006315458959e+00
1.265794680432897223e+00
1.265665735778569445e+00
1.197580861178540568e+00
1.176791195397034251e+00
1.185747277050967607e+00
1.149315242743301324e+00
1.134239648247958199e+00
1.086178740524630149e+00
1.100569053625079841e+00
1.175509372522776763e+00
1.228279504949738143e+00
1.210442488678503681e+00
1.237841365276655115e+00
1.277765801838003146e+00
1.264611657557656699e+00
1.315206535486886930e+00
1.316728649526718531e+00
1.322442255390076316e+00
1.374233388443554027e+00
1.395449743632408923e+00
1.383791062702621089e+00
1.403241789353828928e+00
1.354686230681986236e+00
1.346374420135505234e+00
1.328272668927965805e+00
1.372911101253581290e+00
1.406799506720608051e+00
1.432655755295540345e+00
1.451735852773836433e+00
1.466291488077377858e+00
1.447293505484596565e+00
1.448580329529733479e+00
1.418235622878128099e+00
1.392887738651449991e+00
1.409777387423296835e+00
1.398365337917826023e+00
1.406530003894564729e+00
1.391628402693710687e+00
1.387502881521488929e+00
1.401774918907463752e+00
1.385051702707560617e+00
1.387491045207438711e+00
1.387377814917221563e+00
1.404992308955587799e+00
1.425270627225522890e+00
1.423043190619878828e+00
1.426135691572194775e+00
1.413942403679785187e+00
1.409729152634504823e+00
1.444827712328850433e+00
1.445290751996702205e+00
1.489291857586025891e+00
1.513193471100914511e+00
1.564116124905512883e+00
1.515334999481234846e+00
1.511936936374564944e+00
1.548219774361000889e+00
1.550078838631923528e+00
1.529048840387756458e+00
1.568058774356312357e+00
1.585958591984463206e+00
1.592258149511161625e+00
1.634208152596480890e+00
1.680426102687545775e+00
1.669424345850221592e+00
1.655133078282161607e+00
1.623080905736207002e+00
1.627169130553273613e+00
1.666698977271379833e+00
1.660043043037335408e+00
1.662548563221157183e+00
1.625054213074557552e+00
1.601763324039159775e+00
1.589381534036673482e+00
1.571662389910571056e+00
1.576785155162965912e+00
1.542229654716270826e+00
