1.987319999999999975e+00 0.000000000000000000e+00
2.039169999999999927e+00 3.751900000000000235e-01
2.091019999999999879e+00 5.040189999999999948e-01
2.142869999999999830e+00 4.219249999999999945e-01
2.194719999999999782e+00 3.602759999999999851e-01
2.246570000000000178e+00 2.402950000000000086e-01
2.298430000000000195e+00 2.774619999999999864e-01
2.350280000000000147e+00 2.761689999999999978e-01
2.402130000000000098e+00 2.427300000000000013e-01
2.453980000000000050e+00 1.396860000000000046e-01
2.505830000000000002e+00 1.079979999999999968e-01
2.557679999999999954e+00 7.408879999999999910e-01
